Sample File,C:\Users\Marduk\Documents\SMPS_data\r20160727_SMPS.S80
Classifier Model,3080
DMA Model,3081
DMA Inner Radius(cm),0.00937
DMA Outer Radius(cm),0.01961
DMA Characteristic Length(cm),0.44369
CPC Model,3775 Low Flow
Gas Viscosity (kg/(m*s)),1.822e-005
Mean Free Path (m),6.642e-008
Channels/Decade,64
Multiple Charge Correction,FALSE
Nanoparticle Aggregate Mobility Analysis,FALSE
Diffusion Correction,FALSE
Units,dw/dlogDp
Weight,Number
Sample #,1,2,3,4,5,6,7,8,9,10,11,12,13,14,15,16,17,18,19,20,21,22,23,24,25,26,27,28,29,30,31,32,33,34,35,36,37,38,39,40,41,42,43,44,45,46,47,48,49,50,51,52,53,54,55,56,57,58,59,60,61,62,63,64,65,66,67,68,69,70,71,72,73,74,75,76,77,78,79,80,81,82,83,84,85,86,87,88,89,90,91,92,93,94,95,96,97,98,99,100,101,102,103,104,105,106,107,108,109,110,111,112,113,114,115,116,117,118,119,120,121,122
Date,07/27/16,07/27/16,07/27/16,07/27/16,07/27/16,07/27/16,07/27/16,07/27/16,07/27/16,07/27/16,07/27/16,07/27/16,07/27/16,07/27/16,07/27/16,07/27/16,07/27/16,07/27/16,07/27/16,07/27/16,07/27/16,07/27/16,07/27/16,07/27/16,07/27/16,07/27/16,07/27/16,07/27/16,07/27/16,07/27/16,07/27/16,07/27/16,07/27/16,07/27/16,07/27/16,07/27/16,07/27/16,07/27/16,07/27/16,07/27/16,07/27/16,07/27/16,07/27/16,07/27/16,07/27/16,07/27/16,07/27/16,07/27/16,07/27/16,07/27/16,07/27/16,07/27/16,07/27/16,07/27/16,07/27/16,07/27/16,07/27/16,07/27/16,07/27/16,07/27/16,07/27/16,07/27/16,07/27/16,07/27/16,07/27/16,07/27/16,07/27/16,07/27/16,07/27/16,07/27/16,07/27/16,07/27/16,07/27/16,07/27/16,07/27/16,07/27/16,07/27/16,07/27/16,07/27/16,07/27/16,07/27/16,07/27/16,07/27/16,07/27/16,07/27/16,07/27/16,07/27/16,07/27/16,07/27/16,07/27/16,07/27/16,07/27/16,07/27/16,07/27/16,07/27/16,07/27/16,07/27/16,07/27/16,07/27/16,07/27/16,07/27/16,07/27/16,07/27/16,07/27/16,07/27/16,07/27/16,07/27/16,07/27/16,07/27/16,07/27/16,07/27/16,07/27/16,07/27/16,07/27/16,07/27/16,07/27/16,07/27/16,07/27/16,07/27/16,07/27/16,07/27/16,07/27/16
Start Time,10:55:47,10:57:51,10:59:51,11:01:51,11:10:07,11:12:10,11:14:10,11:16:10,11:18:10,11:20:10,11:22:10,11:24:10,11:26:10,11:28:10,11:30:10,11:32:10,11:34:10,11:36:10,11:38:10,11:40:10,11:42:10,11:44:10,11:46:10,11:48:10,11:50:10,11:52:10,11:54:10,11:56:10,11:58:11,12:00:11,12:02:11,12:04:11,12:06:11,12:08:11,12:10:11,12:12:11,12:14:11,12:16:11,12:18:11,12:20:11,12:22:11,12:24:11,12:26:11,12:28:11,12:30:11,12:32:11,12:34:11,12:36:11,12:38:11,12:40:11,12:42:11,12:44:11,12:46:11,12:48:11,12:50:11,12:52:11,12:54:11,12:56:11,12:58:11,13:00:11,13:02:11,13:04:11,13:06:11,13:08:11,13:10:11,13:12:11,13:14:11,13:16:11,13:18:11,13:20:11,13:22:11,13:24:11,13:26:11,13:28:11,13:30:11,13:32:11,13:34:11,13:36:11,13:38:11,13:40:11,13:42:11,13:44:11,13:46:11,13:48:11,13:50:11,13:52:11,13:54:11,13:56:11,13:58:11,14:00:11,14:07:49,14:15:23,14:17:27,14:19:27,14:21:27,14:23:27,14:32:14,14:34:18,14:36:18,14:38:18,14:40:18,14:42:18,14:44:18,14:46:18,14:48:18,14:50:18,14:52:18,14:54:18,14:56:18,14:58:18,15:00:18,15:02:18,15:04:18,15:06:18,15:08:18,15:10:18,15:12:18,15:14:18,15:16:18,15:18:18,15:20:18,15:22:18
Diameter Midpoint
6.61,0,0,464.077,0,0,0,0,0,0,0,0,0,0,0,0,0,0,0,0,0,0,0,0,0,0,0,0,0,0,0,0,0,0,0,464.077,0,0,0,0,0,0,0,0,0,0,0,0,0,0,0,0,0,0,0,0,0,0,0,0,0,0,0,0,0,0,0,0,0,0,0,0,0,0,0,0,0,0,0,464.077,0,0,0,0,0,464.077,464.077,0,0,0,0,2290.88,1.88994e+006,72925.1,14527.3,0,0,9019.12,0,0,0,0,0,0,0,0,0,0,0,0,0,0,0,0,0,0,4147.18,0,0,0,0,0,0
6.85,0,0,0,0,0,0,0,0,0,0,0,0,0,0,438.43,0,0,0,0,0,0,0,0,0,0,0,0,0,0,0,0,0,0,0,0,0,0,0,0,0,0,0,0,0,0,0,0,0,0,0,0,0,0,0,0,0,0,0,0,0,0,0,0,0,0,0,0,0,0,0,0,0,0,0,0,0,0,0,0,0,0,0,0,0,876.86,0,0,0,0,0,2658.46,1.74768e+006,67250.1,12521.2,0,0,3535.32,0,0,0,161.55,438.43,0,0,0,0,0,0,0,0,0,0,0,0,0,3973.75,0,0,0,0,0,0
7.10,0,0,0,0,0,0,0,0,0,0,0,0,0,0,0,0,0,0,0,0,0,0,0,0,0,0,0,0,0,0,0,0,0,0,0,0,0,0,0,0,0,0,0,0,0,0,0,0,0,0,0,0,0,0,0,0,0,0,0,0,0,0,0,0,0,0,0,0,0,0,0,0,0,0,0,0,0,0,413.438,0,0,0,413.438,0,0,0,0,0,0,0,1653.75,1.68134e+006,63634.8,12827.1,0,413.438,2480.63,0,0,0,261.097,0,0,0,0,0,0,0,0,0,0,0,0,0,0,2313.57,0,0,0,0,0,0
7.37,0,0,0,0,0,0,0,0,0,0,0,0,0,0,0,0,0,0,0,0,0,0,0,0,0,0,0,0,390.593,0,0,0,0,0,0,0,0,0,0,0,0,0,0,0,0,0,0,0,0,0,0,0,0,0,0,0,0,0,0,0,0,0,0,0,0,0,0,0,0,0,0,0,0,0,0,0,0,0,0,0,0,0,0,0,0,0,0,0,0,0,2821.96,1.5591e+006,59663.6,12696.4,0,390.593,1171.78,0,0,390.593,0,0,87.8066,0,0,0,0,0,0,0,0,0,0,0,0,3370.38,0,0,0,0,0,0
7.64,0,0,0,0,0,0,0,0,0,0,0,0,0,0,0,0,0,0,0,0,0,0,369.303,0,0,0,0,0,0,0,0,0,0,0,0,0,0,0,0,0,0,0,0,0,0,0,0,0,0,0,0,0,0,0,0,0,0,0,0,0,0,0,0,0,0,0,0,0,0,0,0,0,0,0,0,369.303,0,0,0,0,0,369.303,0,0,0,369.303,0,0,0,369.303,1024.89,1.4859e+006,50878,13312.4,369.303,369.303,1846.51,0,369.303,369.303,369.303,0,286.282,0,0,0,0,0,0,0,0,0,0,0,0,1394.19,0,0,0,0,0,0
7.91,0,0,0,0,0,0,0,0,0,0,0,0,0,0,0,0,0,0,0,0,0,0,748.722,0,0,0,0,0,0,0,0,0,0,0,0,0,0,0,0,0,0,0,0,0,0,0,0,349.854,0,0,0,0,0,0,0,0,0,0,0,0,0,0,0,0,0,0,0,0,0,0,0,0,0,0,0,0,349.854,0,0,0,0,0,0,0,0,0,0,0,0,0,1074.07,1.40103e+006,45027,9587.28,349.854,0,2473.49,1049.56,0,0,0,349.854,0,0,0,0,0,0,349.854,0,0,0,0,0,0,0,0,0,0,0,0,0
8.20,0,0,0,0,0,0,0,0,0,0,0,0,0,0,0,0,0,332.037,0,0,0,0,4432.07,0,0,0,0,0,0,0,0,0,0,0,0,0,0,0,0,0,0,0,0,332.037,0,0,0,0,0,0,0,0,0,0,0,0,0,0,0,0,0,0,0,0,0,0,0,0,0,0,0,0,0,0,0,162.112,332.037,0,0,0,0,0,0,0,332.037,0,162.112,0,0,0,1304.89,1.35987e+006,45371,11497.2,0,332.037,640.815,0,664.074,332.037,0,0,0,0,0,0,0,0,0,0,0,0,0,0,0,0,0,0,0,0,0,0
8.51,0,0,0,0,0,316.003,0,0,0,0,0,0,0,0,0,0,285.448,0,0,0,0,0,3005.74,0,0,0,0,0,0,0,0,0,0,0,0,0,0,0,0,0,0,0,0,0,0,0,0,0,0,0,0,0,0,0,316.003,0,0,0,0,0,0,0,0,0,0,0,0,0,0,0,0,0,0,0,0,161.719,0,0,0,0,0,0,0,0,0,0,161.719,0,0,0,1549.46,1.23185e+006,34700.6,369084,0,917.453,2212.02,0,0,0,0,0,0,0,0,0,0,0,0,0,0,0,0,0,0,0,0,0,0,0,0,0
8.82,0,0,0,0,0,0,0,0,0,0,0,0,0,0,0,0,29.074,0,0,0,0,0,2405.5,0,0,0,0,0,0,0,0,0,0,0,0,0,0,0,0,0,0,0,0,0,0,0,0,0,0,0,0,0,0,0,0,0,0,0,0,0,0,0,0,0,0,0,0,0,0,0,0,0,0,0,0,0,0,0,0,0,0,0,300.687,0,300.687,300.687,0,0,300.687,0,931.136,1.19066e+006,34998.8,332550,0,29.074,902.062,395.446,0,300.687,0,0,0,0,0,0,0,0,0,0,0,0,0,0,0,0,0,0,0,0,0,0
9.14,0,0,0,0,0,0,0,0,0,0,0,0,0,0,0,0,0,0,0,0,0,0,493.146,0,0,0,0,0,0,0,0,0,0,0,0,0,0,0,0,0,0,0,0,0,0,0,0,0,0,0,0,0,0,0,0,0,0,0,0,0,0,0,0,0,0,0,0,0,0,0,0,0,0,0,0,0,0,0,0,0,286.114,0,0,0,0,0,0,286.114,0,0,779.26,1.18026e+006,31942,64672.8,0,286.114,572.227,482.061,0,0,0,286.114,0,207.033,0,0,0,0,0,0,0,0,0,0,0,0,0,0,0,0,0,0
9.47,0,0,0,0,0,0,0,0,0,0,0,0,0,0,0,0,0,0,0,0,0,0,1202.54,0,0,0,0,0,0,0,0,0,272.996,0,0,0,0,0,0,0,0,0,0,0,0,0,0,0,0,0,0,0,0,0,0,0,0,0,0,0,0,0,0,0,0,0,0,0,0,0,0,0,0,0,0,0,0,0,0,0,0,0,0,272.996,0,581.088,272.996,0,0,0,1167.44,1.08219e+006,31594.1,22369.4,272.996,0,581.088,545.992,0,0,0,0,0,75.4554,0,0,0,0,0,0,0,0,0,0,0,0,0,0,0,0,0,0
9.82,0,0,0,0,0,0,0,0,0,0,0,0,0,0,0,0,0,0,0,0,0,0,1788.21,0,0,0,0,0,0,0,0,0,0,0,0,0,0,0,0,0,0,0,0,0,0,0,0,0,0,0,0,0,0,0,0,0,0,0,0,0,0,0,0,0,0,0,0,0,0,0,0,0,0,0,0,260.238,260.238,0,0,0,0,0,0,0,0,226.782,0,0,0,0,1301.19,1.03491e+006,27662,13053.5,520.477,260.238,1145.39,137.892,0,0,260.238,0,0,0,0,0,260.238,0,0,0,0,0,0,0,0,0,0,0,0,0,0,0
 10.2,0,0,0,0,0,0,0,0,0,0,0,0,0,0,0,0,0,0,0,0,0,0,2240.98,0,0,0,0,0,0,0,0,0,0,0,0,0,0,0,0,0,0,0,0,0,0,0,0,0,0,248.998,0,0,0,0,0,0,0,0,0,0,0,0,0,0,0,0,0,0,0,0,0,0,0,0,0,0,0,0,0,0,0,0,248.998,0,0,0,0,0,0,0,977.91,982397,22763.3,2724.1,248.998,0,615.057,117.062,248.998,0,0,0,0,0,0,0,0,0,0,0,0,0,0,0,0,0,0,0,0,0,0,0
 10.6,0,0,0,0,0,0,0,0,0,0,0,0,0,0,238.05,0,0,0,0,0,0,0,1742.75,0,238.05,0,0,0,0,0,0,0,0,0,0,0,0,0,0,0,0,476.099,0,0,0,0,0,0,0,0,0,0,0,0,0,0,0,0,0,0,0,0,0,0,0,0,0,0,0,0,0,0,0,0,0,0,0,0,0,0,0,0,0,0,0,0,0,0,0,0,255.336,940375,23033.7,2142.45,76.402,0,1028.6,0,238.05,0,0,0,0,0,0,0,0,0,0,0,0,0,0,0,0,0,0,0,0,0,0,0
 10.9,0,0,0,0,227.433,0,0,0,0,0,0,0,0,0,0,0,0,0,0,0,0,0,705.012,0,0,0,0,0,0,0,0,0,0,0,0,0,0,0,0,0,0,0,0,0,0,0,0,0,0,0,0,0,0,0,0,0,0,0,0,0,0,0,0,0,0,0,0,0,0,0,0,0,0,0,0,0,0,0,0,0,0,0,0,0,0,227.433,227.433,0,0,0,616.437,909566,21619.2,682.3,154.439,227.433,1680.61,0,0,0,0,227.433,0,0,0,0,0,0,0,0,0,0,0,0,0,0,0,0,0,0,0,0
 11.3,0,0,0,0,0,0,217.861,0,0,0,0,0,0,0,0,0,0,0,0,0,0,0,126.182,0,0,0,0,0,0,0,0,0,0,0,0,0,0,0,0,0,0,0,0,0,0,0,0,0,0,0,0,0,0,0,0,0,0,0,217.861,0,0,0,0,0,0,0,0,0,0,0,0,0,0,0,0,0,0,0,0,0,217.861,0,0,0,0,217.861,0,0,217.861,0,934.534,879623,18126.3,871.443,217.861,0,301.777,0,0,0,0,0,0,0,0,0,0,0,217.861,0,0,0,0,0,0,0,0,0,0,0,0,0
 11.8,0,0,208.786,0,0,0,0,0,0,0,0,0,0,0,0,0,0,0,0,0,0,0,0,0,0,0,0,0,0,0,0,0,0,0,0,0,0,0,0,0,0,0,0,0,0,0,0,0,0,0,0,0,0,0,0,0,0,0,0,0,0,0,0,0,0,0,0,0,0,0,0,0,0,0,0,0,0,0,0,0,0,0,0,0,0,0,0,0,0,0,208.786,819743,19237.5,208.786,0,0,606.4,208.786,0,0,0,0,0,0,0,0,0,0,0,0,0,0,0,0,0,0,0,0,0,0,0,0
 12.2,0,0,0,0,0,0,0,0,0,0,0,0,0,0,0,0,0,0,0,0,0,0,0,0,0,0,0,0,0,0,0,0,0,0,0,0,0,0,0,0,0,0,0,0,0,0,0,0,0,0,0,0,0,0,0,0,0,0,0,0,0,0,0,0,0,0,0,0,0,0,0,0,0,0,0,0,0,0,0,199.998,0,0,0,0,0,0,0,0,0,0,599.995,804893,16447.3,399.997,0,0,399.997,0,0,0,0,0,0,0,0,0,0,0,0,0,0,0,0,0,0,0,0,0,0,0,0,0
 12.6,0,0,0,0,0,0,0,0,0,0,0,0,0,0,0,0,0,0,0,0,0,0,0,0,0,0,0,0,0,0,0,0,0,0,0,0,0,0,0,0,0,0,0,0,0,0,0,0,0,0,0,0,0,0,0,0,0,0,0,0,0,0,0,0,0,0,0,0,0,0,0,0,0,0,0,0,0,0,0,0,0,0,0,0,0,0,0,0,0,0,384.142,749780,15138.7,0,192.071,0,576.214,0,0,0,0,0,0,0,0,0,0,0,0,0,0,0,0,0,0,0,0,0,0,0,0,0
 13.1,0,0,0,0,0,0,0,0,0,184.721,0,0,0,0,0,0,0,0,0,0,0,0,0,0,0,0,0,0,0,0,0,0,0,0,0,0,0,0,0,0,0,0,0,0,0,0,0,0,0,0,0,0,0,0,0,0,0,0,0,0,0,0,0,0,0,0,0,0,0,0,0,0,0,0,0,0,0,0,0,0,0,0,0,0,0,0,0,184.721,0,0,0,716471,13336.4,0,0,0,369.442,0,0,184.721,0,184.721,0,0,0,0,0,0,0,0,0,0,0,0,0,0,0,0,0,0,0,0
 13.6,0,0,0,0,0,0,0,0,0,0,0,0,0,0,0,0,0,0,0,0,0,0,0,0,0,0,0,0,0,0,0,0,0,0,0,0,0,0,0,0,0,0,0,0,0,0,0,0,0,0,0,0,0,0,0,0,0,0,0,0,0,0,0,0,0,0,0,0,0,0,0,0,0,0,0,0,0,177.266,0,177.266,0,177.266,0,177.266,0,0,0,0,0,0,877.642,693950,14716.5,177.266,0,0,168.578,177.266,0,0,0,0,0,0,0,0,0,0,0,0,177.266,0,0,0,0,0,0,0,0,0,0,0
 14.1,0,0,0,0,169.849,0,0,0,0,0,0,0,0,0,0,0,0,0,0,0,0,0,0,0,0,0,0,0,0,0,0,0,0,0,0,0,0,0,0,0,0,0,0,0,0,0,0,0,0,0,0,0,0,0,0,0,0,0,0,0,0,0,0,0,0,0,0,0,0,0,0,0,0,0,0,0,0,0,0,0,0,0,0,0,0,0,0,0,169.849,0,687.722,670337,11767.3,339.699,0,169.849,400.096,0,169.849,0,0,169.849,0,0,0,0,0,0,0,0,0,0,0,0,0,0,0,0,0,0,0,0
 14.6,0,0,0,0,0,0,0,0,0,0,0,106.925,0,0,0,0,0,0,0,0,0,0,0,0,0,0,0,0,0,0,0,0,0,0,0,0,0,0,0,0,0,0,0,0,0,0,162.869,0,0,0,0,0,0,0,0,0,0,0,0,0,0,0,0,0,0,0,0,0,0,0,0,0,0,0,0,0,0,0,0,0,0,0,0,0,0,0,0,0,0,0,162.869,611970,9518.58,0,0,0,438.676,162.869,0,0,0,0,0,0,0,0,0,0,0,0,0,0,0,0,0,0,0,0,0,0,0,0
 15.1,0,0,0,0,0,0,0,0,0,0,0,53.8283,0,0,0,0,0,0,0,0,0,0,0,0,0,0,0,0,0,0,0,0,0,0,0,0,0,0,0,0,0,0,0,0,0,0,0,0,0,0,0,0,0,0,0,0,0,0,0,0,0,0,0,0,0,0,0,0,0,0,0,0,0,0,0,0,0,0,0,0,0,0,0,0,0,0,0,0,0,0,313.416,589183,9202.32,0,156.708,0,313.416,0,0,0,0,0,0,0,0,0,0,156.708,0,0,0,0,156.708,0,0,0,0,0,0,0,0,0
 15.7,0,0,0,0,0,0,0,0,0,0,0,0,0,0,0,0,0,0,0,0,0,0,0,0,0,0,0,0,0,0,0,0,0,0,0,0,0,0,0,0,0,0,0,0,0,0,0,0,0,0,0,0,0,0,0,0,0,0,0,0,0,0,0,0,0,0,151.049,0,0,0,0,0,0,0,0,0,0,0,0,0,0,0,0,0,0,0,0,151.049,0,0,302.097,564575,10275.1,0,0,0,555.38,0,0,0,0,0,0,0,0,0,0,0,0,0,0,0,0,0,0,0,0,0,0,0,0,0
 16.3,0,0,0,0,0,0,0,0,0,0,0,0,0,0,0,0,0,0,0,0,0,0,0,0,0,0,0,0,0,0,0,0,0,0,0,0,0,0,0,0,0,0,0,0,0,0,0,0,0,0,0,145.572,0,0,0,0,0,0,0,0,0,0,0,0,0,0,145.572,0,0,0,0,0,0,0,0,0,0,0,0,0,0,0,0,0,0,0,0,0,0,0,291.145,538094,10578.5,0,0,145.572,483.763,0,0,0,0,97.5181,0,0,0,0,0,0,0,0,0,0,0,0,0,0,0,0,0,0,0,145.572
 16.8,0,140.283,0,0,0,140.283,0,0,0,0,0,0,0,0,0,0,0,0,0,0,0,0,0,0,0,0,0,0,0,0,0,0,0,0,0,0,0,0,0,0,0,0,0,0,0,0,0,0,0,0,0,0,0,0,0,0,0,0,0,0,0,0,0,0,0,0,0,0,0,0,0,0,0,0,0,0,0,0,140.283,140.283,139.541,0,0,0,0,0,0,0,0,0,140.283,521786,8314.47,0,0,0,420.848,0,0,0,0,46.3082,0,0,0,0,0,0,0,0,280.566,0,0,0,0,0,0,0,0,0,0,0
 17.5,0,0,0,0,0,42.3127,0,0,0,0,0,0,0,0,0,0,0,0,0,0,0,0,0,0,0,0,0,0,0,0,0,0,0,0,0,0,0,0,0,0,0,0,0,0,0,0,0,0,0,0,0,0,0,0,0,0,0,0,135.364,0,0,0,0,0,0,0,0,0,0,0,0,0,0,0,0,0,0,0,0,0,0.71596,0,0,135.364,0,0,0,0,0,135.364,135.364,499299,9141.44,135.364,0,270.727,719.131,0,0,0,0,0,0,0,0,0,0,0,0,0,0,0,0,0,0,0,0,0,0,0,0,0
 18.1,0,0,0,0,0,171.18,0,0,130.607,0,0,0,0,0,0,0,0,0,0,0,0,130.607,0,0,130.607,0,0,0,0,0,0,0,0,0,0,0,0,0,130.607,0,0,0,0,0,130.607,0,0,0,130.607,0,0,0,130.607,0,0,0,0,0,0,0,0,0,0,0,0,0,0,0,0,130.607,0,0,0,0,0,0,0,0,0,0,0,0,81.3981,0,0,0,0,0,0,0,130.607,479743,8781.87,0,0,0,171.18,0,0,130.607,0,130.607,0,0,0,0,0,0,0,0,0,0,0,0,0,0,0,130.607,0,0,130.607,0
 18.8,0,0,0,0,0,47.5388,126.174,0,0,0,0,0,0,0,0,0,0,0,0,126.174,126.174,0,0,0,0,0,0,0,0,0,0,0,0,0,0,0,0,0,0,0,0,0,0,0,0,0,0,0,0,0,0,0,0,0,0,0,0,0,0,0,0,0,0,0,0,0,126.174,0,0,0,0,0,0,0,0,0,126.174,0,0,0,0,0,47.5388,0,0,0,0,0,0,0,126.174,444549,6421.27,0,0,0,173.713,0,0,0,0,0,0,0,252.348,0,0,0,0,0,0,0,0,0,0,126.174,0,0,0,0,126.174,0
 19.5,121.883,0,0,121.883,0,0,0,0,0,0,0,0,0,0,0,0,0,0,0,0,121.883,0,0,0,0,0,0,0,121.883,0,0,0,0,0,0,0,0,0,0,0,0,0,0,0,0,0,0,0,0,121.883,121.883,0,0,0,0,0,0,0,121.883,0,121.883,0,0,27.0086,0,0,0,0,0,0,0,0,0,0,0,0,0,0,0,0,0,0,121.883,0,0,0,0,0,0,0,121.883,426791,7519.91,121.883,0,121.883,243.765,0,0,0,121.883,0,0,0,0,0,121.883,0,0,121.883,0,0,0,0,0,0,0,0,0,27.0086,0,0
 20.2,0,235.471,117.735,0,0,59.8893,117.735,117.735,0,0,0,0,0,0,117.735,0,0,0,0,0,0,117.735,0,0,0,0,0,0,0,0,0,0,0,0,0,0,0,0,0,0,0,0,0,0,0,0,0,0,0,0,0,0,0,0,0,0,0,0,0,0,0,0,0,209.381,0,0,295.36,0,117.735,117.735,0,0,0,0,0,0,0,0,0,0,0,0,0,117.735,0,0,0,0,0,117.735,235.471,395907,6913.71,0,0,0,295.36,117.735,0,0,0,59.8893,0,0,0,0,117.735,0,0,0,0,117.735,0,0,0,0,0,117.735,0,91.6458,0,0
 20.9,0,113.732,227.463,113.732,0,169.611,89.5341,0,0,113.732,0,0,0,0,0,0,0,0,0,89.5341,89.5341,0,0,113.732,0,113.732,0,0,0,0,113.732,0,0,0,0,0,0,0,0,0,0,0,113.732,0,0,0,0,0,113.732,113.732,0,0,0,0,0,0,0,0,0,0,0,0,0,227.463,0,0,55.879,0,0,0,0,0,0,0,0,0,0,0,0,0,0,0,0,0,0,0,0,0,0,0,113.732,385682,4966.82,0,0,0,55.879,0,113.732,0,0,55.879,0,0,113.732,0,0,113.732,0,113.732,0,0,0,0,0,0,0,0,0,0,0,0
 21.7,0,0,0,0,219.982,109.991,23.4017,109.991,0,116.252,0,0,109.991,0,109.991,109.991,0,0,0,23.4017,29.663,0,0,0,219.982,0,0,0,0,0,0,0,0,0,0,0,109.991,0,0,0,0,0,109.991,0,0,0,109.991,329.973,0,219.982,0,0,0,0,6.26121,0,0,0,0,109.991,109.991,0,0,0,0,0,109.991,0,0,0,0,0,0,0,0,0,0,0,0,0,0,0,0,0,0,0,0,0,0,0,549.955,372074,5030.1,0,0,109.991,336.234,0,0,0,219.982,0,0,0,0,109.991,0,0,0,0,109.991,0,0,0,109.991,0,0,0,0,219.982,0,0
 22.5,106.488,0,106.488,0,0,0,0,106.488,0,100.426,0,212.976,0,106.488,0,0,0,0,0,0,134.221,0,0,212.976,212.976,0,212.976,0,212.976,0,106.488,0,106.488,0,0,0,0,0,0,0,0,0,106.488,0,0,0,106.488,106.488,0,0,0,106.488,0,0,206.914,33.7951,0,0,0,33.7951,0,33.7951,106.488,106.488,0,0,212.976,0,0,0,0,0,0,0,0,0,140.283,0,0,0,0,0,0,106.488,0,106.488,0,0,0,0,212.976,348372,5377.29,0,0,0,419.89,0,0,0,0,106.488,0,212.976,0,0,0,0,0,0,0,0,0,33.7951,106.488,0,0,106.488,0,0,0,0
 23.3,103.095,0,0,103.095,0,264.765,0,0,0,206.19,103.095,0,0,103.095,0,0,0,0,0,0,70.3767,0,0,206.19,0,103.095,0,0,0,103.095,103.095,103.095,0,0,0,103.095,0,0,103.095,0,0,58.5744,0,103.095,0,0,103.095,0,0,0,0,0,309.285,0,0,276.567,0,0,0,70.3767,0,70.3767,0,0,0,0,412.38,0,0,0,0,0,0,0,0,103.095,70.3767,0,0,0,0,0,0,0,0,0,103.095,0,0,0,161.67,340124,5276.84,0,0,0,103.095,0,0,0,0,0,0,0,103.095,0,0,0,0,0,0,0,103.095,70.3767,0,161.67,103.095,0,103.095,103.095,0,0
 24.1,0,0,198.833,179.836,0,142.349,80.4197,0,0,279.253,0,99.4167,0,198.833,0,0,99.4167,0,0,99.4167,0,0,99.4167,80.4197,0,80.4197,0,0,0,0,0,0,99.4167,99.4167,0,0,0,198.833,0,99.4167,99.4167,42.9322,198.833,99.4167,0,99.4167,0,0,0,0,0,0,0,0,198.833,0,0,0,99.4167,0,0,0,99.4167,0,0,99.4167,497.083,0,0,0,0,0,0,0,0,0,0,0,0,0,0,0,0,0,0,0,0,0,0,0,241.765,328085,4308.22,0,0,0,397.667,0,0,0,0,0,0,0,0,0,99.4167,0,0,0,0,99.4167,99.4167,0,99.4167,42.9322,0,179.836,99.4167,0,0,0
 25.0,96.5451,0,482.725,211.538,96.5451,96.5451,18.4483,96.5451,0,114.993,96.5451,0,96.5451,0,96.5451,0,0,0,0,193.09,196.875,289.635,193.09,114.993,193.09,211.538,3.78531,100.33,193.09,3.78531,96.5451,100.33,0,389.966,0,0,0,0,0,96.5451,0,0,3.78531,100.33,193.09,96.5451,0,0,0,0,96.5451,96.5451,0,0,0,96.5451,0,96.5451,0,193.09,96.5451,0,0,0,193.09,0,486.511,0,0,0,0,0,0,0,0,0,0,0,0,0,0,0,0,0,0,0,0,0,0,0,96.5451,312778,5290.97,96.5451,0,0,193.09,0,96.5451,0,0,0,0,0,0,96.5451,0,0,193.09,96.5451,0,0,0,0,193.09,96.5451,0,114.993,0,0,0,0
 25.9,93.8344,187.669,0,93.8344,0,187.669,0,187.669,93.8344,187.669,0,0,0,118.1,0,0,0,93.8344,0,93.8344,183.99,187.669,211.934,93.8344,24.2652,375.338,183.99,90.1554,93.8344,90.1554,187.669,277.824,93.8344,90.1554,93.8344,93.8344,93.8344,0,118.1,0,0,0,90.1554,302.089,0,0,93.8344,281.503,24.2652,93.8344,281.503,24.2652,0,187.669,24.2652,0,0,187.669,93.8344,0,0,0,375.338,0,187.669,0,1122.33,0,0,0,0,0,0,0,0,0,0,93.8344,0,0,93.8344,0,93.8344,0,0,0,0,0,0,0,0,278186,4696.68,0,0,0,0,93.8344,0,93.8344,0,0,0,0,93.8344,0,0,0,0,0,93.8344,93.8344,93.8344,0,0,93.8344,0,0,0,93.8344,0,0
 26.9,0,0,0,91.2714,0,91.2714,0,0,182.543,91.2714,91.2714,0,0,475.344,0,0,0,0,0,0,316.404,91.2714,158.94,456.357,250.212,273.814,182.543,91.2714,182.543,0,133.861,182.543,91.2714,182.543,273.814,0,42.5894,91.2714,158.94,182.543,182.543,91.2714,133.861,67.6689,0,42.5894,0,0,250.212,91.2714,91.2714,110.258,42.5894,91.2714,158.94,91.2714,0,0,0,133.861,182.543,133.861,365.086,91.2714,91.2714,0,632.807,0,91.2714,91.2714,0,0,0,0,0,0,0,0,0,0,0,0,0,0,0,0,0,0,0,0,91.2714,272541,4424.14,0,0,0,133.861,0,0,0,0,0,0,91.2714,133.861,0,91.2714,0,91.2714,0,0,182.543,0,0,182.543,0,42.5894,0,182.543,0,0,0
 27.9,176.13,88.065,88.065,176.13,0,0,88.065,0,0,146.436,0,176.13,58.3707,135.037,0,0,0,0,0,264.195,223.102,0,88.065,352.26,176.13,234.501,88.065,0,0,88.065,46.9717,88.065,146.436,88.065,88.065,146.436,281.472,264.195,176.13,0,58.3707,234.501,311.167,352.26,88.065,135.037,88.065,264.195,0,264.195,88.065,427.908,223.102,88.065,176.13,0,176.13,88.065,176.13,46.9717,264.195,135.037,88.065,88.065,88.065,88.065,1267.46,0,380.936,0,0,0,0,0,0,0,0,0,0,0,0,0,0,0,0,0,0,0,0,0,146.436,263833,3685.65,0,0,88.065,46.9717,0,88.065,0,0,88.065,88.065,88.065,135.037,176.13,0,0,0,0,0,0,0,0,88.065,58.3707,223.102,0,176.13,0,0,0
 28.9,85.8029,171.606,0,0,0,0,85.8029,0,0,28.9316,0,0,200.537,257.409,171.606,0,85.8029,0,0,85.8029,330.055,343.212,257.409,85.8029,330.055,345.831,257.409,0,72.6467,415.858,244.253,85.8029,200.537,85.8029,85.8029,200.537,260.028,85.8029,85.8029,158.45,114.735,200.537,171.606,85.8029,0,85.8029,429.015,85.8029,343.212,85.8029,330.055,229.469,257.409,330.055,0,158.45,257.409,244.253,85.8029,171.606,85.8029,72.6467,171.606,85.8029,85.8029,85.8029,658.484,0,57.8632,0,0,0,0,0,0,0,85.8029,0,0,0,85.8029,0,0,0,0,0,0,0,0,0,114.735,250579,4452.21,85.8029,0,0,343.212,0,0,0,0,0,0,85.8029,0,171.606,0,0,0,171.606,85.8029,85.8029,72.6467,72.6467,0,286.34,0,0,0,85.8029,0,0
 30.0,82.9625,0,0,248.887,0,82.9625,0,82.9625,0,1.46621,165.925,0,414.812,1.46621,82.9625,0,165.925,82.9625,82.9625,331.85,97.1494,82.9625,165.925,165.925,95.6832,191.366,0,0,263.074,178.646,346.037,165.925,165.925,82.9625,331.85,331.85,108.404,165.925,248.887,14.1869,248.887,248.887,248.887,82.9625,0,334.782,331.85,165.925,165.925,1.46621,261.608,414.812,82.9625,180.112,1.46621,178.646,0,97.1494,165.925,0,167.391,95.6832,165.925,82.9625,248.887,165.925,1079.98,82.9625,82.9625,82.9625,0,82.9625,0,0,0,0,0,0,0,0,0,1.46621,0,0,0,0,0,0,0,0,84.4287,232784,3617.28,0,0,0,82.9625,0,0,0,0,331.85,0,0,82.9625,0,0,0,0,0,0,167.391,12.7207,261.608,82.9625,0,0,165.925,0,0,0,0
 31.1,80.9512,161.902,0,80.9512,0,0,80.9512,80.9512,0,79.5206,80.9512,80.9512,242.854,241.423,80.9512,0,80.9512,0,0,404.756,160.472,323.805,323.805,161.902,257.044,80.9512,242.854,80.9512,160.472,161.902,241.423,176.092,485.707,242.854,323.805,323.805,323.805,176.092,242.854,160.472,161.902,404.756,190.282,161.902,242.854,239.992,161.902,161.902,352.185,417.515,242.854,404.756,404.756,79.5206,322.374,14.1899,242.854,403.326,257.044,80.9512,322.374,257.044,80.9512,323.805,337.995,80.9512,727.131,80.9512,176.092,0,0,0,0,0,0,0,0,0,0,0,0,79.5206,0,0,0,0,80.9512,0,0,0,93.7104,222698,3526.22,0,80.9512,0,161.902,80.9512,0,0,0,0,0,161.902,0,95.1411,242.854,161.902,80.9512,80.9512,0,255.613,0,80.9512,80.9512,80.9512,0,161.902,80.9512,0,0,0
 32.2,0,158.07,79.0349,158.07,79.0349,0,237.105,79.0349,79.0349,158.07,0,0,237.105,657.488,237.105,0,79.0349,79.0349,0,25.2087,395.174,237.105,79.0349,395.174,248.459,158.07,237.105,0,316.14,158.07,79.0349,302.286,25.2087,158.07,237.105,316.14,341.348,169.425,237.105,158.07,79.0349,158.07,446.501,262.313,237.105,316.14,316.14,79.0349,446.501,144.216,316.14,0,632.279,79.0349,79.0349,302.286,711.314,158.07,406.529,79.0349,158.07,223.251,104.244,158.07,302.286,0,499.418,79.0349,327.494,25.2087,0,0,0,0,0,0,0,0,79.0349,0,0,79.0349,0,0,0,0,0,0,0,0,144.216,217493,2628.36,79.0349,0,0,79.0349,0,158.07,0,0,0,0,0,237.105,223.251,104.244,0,0,79.0349,0,223.251,183.278,0,79.0349,0,79.0349,79.0349,0,79.0349,0,0
 33.4,0,76.6174,0,0,0,0,0,0,76.6174,0,153.235,0,264.184,929.303,221.899,0,153.235,153.235,0,282.032,340.802,306.47,264.184,153.235,350.696,417.419,340.802,0,264.184,76.6174,298.516,383.087,282.032,110.949,76.6174,306.47,282.032,511.884,340.802,264.184,383.087,536.322,153.235,128.797,459.705,76.6174,459.705,229.852,34.332,76.6174,110.949,229.852,229.852,306.47,536.322,264.184,229.852,306.47,128.797,383.087,153.235,264.184,358.649,187.567,187.567,145.281,588.502,0,52.1798,52.1798,0,0,0,0,0,0,34.332,0,0,0,0,76.6174,0,0,0,0,0,0,0,0,76.6174,208788,2933.19,0,0,0,76.6174,0,0,0,0,76.6174,0,76.6174,0,76.6174,282.032,0,76.6174,153.235,0,76.6174,52.1798,76.6174,153.235,76.6174,76.6174,0,187.567,76.6174,0,0
 34.6,149.796,0,0,74.8979,0,74.8979,191.896,0,0,0,0,74.8979,799.618,1141.31,307.366,0,299.591,0,0,149.796,532.824,149.796,565.621,524.285,82.6728,490.724,266.03,149.796,116.234,308.894,382.264,266.794,149.796,275.333,374.489,491.487,299.591,374.489,233.232,233.232,266.794,149.796,491.487,683.383,233.996,458.69,149.796,491.487,191.132,374.489,340.928,149.796,374.489,266.794,374.489,415.826,149.796,149.796,191.896,266.794,191.896,266.03,341.692,266.03,340.928,307.366,1090.67,74.8979,224.694,0,0,0,0,0,0,0,116.234,0,0,0,0,0,0,0,0,0,0,74.8979,0,0,74.8979,194018,2355.23,0,74.8979,0,149.796,74.8979,0,0,0,0,149.796,0,149.796,0,224.694,116.998,74.8979,0,224.694,0,266.794,0,0,74.8979,116.998,0,116.234,74.8979,0,0
 35.9,145.445,72.7226,0,0,72.7226,0,31.8451,0,0,0,0,72.7226,1638.89,943.506,363.613,0,338.913,0,0,0,250.013,145.445,436.336,484.358,727.226,218.168,218.168,72.7226,218.168,402.603,411.635,468.181,72.7226,693.493,436.336,322.736,218.168,145.445,613.626,395.458,395.458,484.358,686.349,500.026,354.581,572.748,218.168,152.59,484.358,338.913,702.526,411.635,145.445,468.181,290.89,338.913,314.212,436.336,250.013,443.48,250.013,386.935,588.926,168.767,266.19,218.168,1436.9,0,290.89,145.445,0,0,0,0,0,0,0,0,0,0,48.0221,0,0,0,0,0,0,0,0,0,0,190106,2664.15,0,0,0,145.445,0,0,0,0,168.767,145.445,72.7226,145.445,72.7226,218.168,31.8451,72.7226,0,0,0,177.29,96.0443,72.7226,218.168,31.8451,218.168,0,72.7226,0,0
 37.2,0,0,71.1709,0,0,71.1709,0,123.993,0,71.1709,142.342,142.342,1036.69,1073.39,284.684,0,432.85,0,0,195.163,355.855,319.156,427.026,148.166,71.1709,337.505,71.1709,0,355.855,237.686,166.515,479.847,408.676,451.199,247.985,284.684,656.661,142.342,284.684,71.1709,569.368,95.3444,284.684,71.1709,461.498,675.011,603.84,432.85,894.348,556.842,237.686,166.515,622.189,266.334,337.505,380.028,172.339,142.342,284.684,451.199,461.498,190.689,95.3444,617.714,414.5,71.1709,884.049,52.8216,176.814,0,0,0,0,0,0,0,71.1709,0,0,0,24.1734,0,0,0,0,0,0,0,0,0,71.1709,184424,2093.95,0,0,0,195.163,71.1709,0,0,0,190.689,71.1709,52.8216,142.342,195.163,0,0,142.342,142.342,142.342,427.026,0,119.518,213.513,142.342,71.1709,71.1709,0,142.342,0,0
 38.5,69.2032,138.406,0,0,0,0,0,17.842,69.2032,55.8416,138.406,138.406,1229.98,1042.53,207.61,0,544.744,0,0,225.452,207.61,104.887,138.406,225.452,276.813,281.293,276.813,69.2032,138.406,207.61,817.076,225.452,350.496,194.248,312.497,540.264,468.745,540.264,622.829,346.016,332.654,415.219,526.902,263.451,243.294,299.135,424.18,419.699,468.745,243.294,582.744,346.016,475.541,350.496,281.293,484.422,254.57,332.654,609.467,609.467,658.513,401.857,207.61,207.61,424.18,138.406,640.671,156.248,229.932,69.2032,0,0,0,0,0,69.2032,125.045,0,0,0,0,0,69.2032,0,0,0,0,0,0,0,55.8416,168589,1915.45,0,0,0,87.0452,0,0,0,0,207.61,0,142.887,69.2032,225.452,55.8416,125.045,207.61,263.451,138.406,332.654,0,125.045,194.248,69.2032,0,0,263.451,69.2032,0,0
 40.0,0,135.592,57.8893,67.7959,67.7959,0,0,0,0,13.0899,125.685,193.481,1655.27,1736.16,600.256,67.7959,413.142,135.592,0,0,329.073,135.592,338.979,67.7959,261.277,206.571,135.592,115.779,338.979,183.574,419.865,271.184,477.754,206.571,406.775,390.145,406.775,477.754,271.184,668.052,487.661,203.388,365.159,477.754,745.755,409.959,365.159,419.865,474.571,406.775,378.249,725.941,490.844,487.661,545.55,396.869,368.342,352.069,216.478,352.069,464.665,758.845,532.46,668.052,355.253,193.481,474.571,57.8893,138.775,135.592,0,0,0,0,0,0,13.0899,0,0,0,0,0,0,0,0,0,67.7959,0,0,0,80.8857,164059,1762.34,0,0,0,125.685,0,0,0,0,135.592,135.592,13.0899,193.481,0,70.9791,13.0899,203.388,148.682,0,216.478,67.7959,216.478,80.8857,67.7959,0,0,148.682,135.592,0,0
 41.4,66.0072,0,9.64525,0,0,132.014,0,124.246,0,0,75.6524,207.667,1525.67,1467.43,669.717,0,407.565,256.261,0,66.0072,265.906,330.036,190.253,264.029,273.674,141.66,330.036,217.312,256.261,341.558,388.275,264.029,522.166,603.71,644.535,681.239,388.275,405.688,264.029,588.174,710.543,570.76,702.774,537.703,718.311,265.906,594.065,198.022,264.029,198.022,586.297,407.565,133.891,520.289,258.138,405.688,727.956,264.029,594.065,528.058,390.152,264.029,463.927,339.681,735.724,471.696,520.289,75.6524,9.64525,132.014,0,0,0,0,0,0,198.022,0,0,0,0,0,0,0,0,0,0,0,0,0,66.0072,161811,1797.47,0,0,0,141.66,0,0,58.2389,0,66.0072,132.014,58.2389,141.66,66.0072,141.66,190.253,264.029,198.022,66.0072,124.246,66.0072,66.0072,256.261,66.0072,198.022,66.0072,124.246,66.0072,0,0
 42.9,64.725,0,57.7009,0,0,0,0,7.61735,122.426,0,0,64.725,1951.15,1756.38,834.4,0,395.967,72.3423,0,258.9,137.067,316.601,137.067,57.7009,194.175,323.625,129.45,0,460.692,324.218,525.417,388.35,461.285,323.625,590.735,395.967,705.544,194.175,388.35,468.309,209.41,281.752,468.903,517.8,705.544,777.293,510.776,302.553,453.075,697.926,259.493,906.743,518.393,460.692,267.11,180.127,590.142,374.302,388.35,316.601,274.135,575.501,518.393,575.501,1007.5,194.175,518.393,0,64.725,129.45,0,0,0,0,0,0,64.725,0,0,0,0,0,0,64.725,0,0,0,0,0,0,194.175,150801,1807.05,0,0,0,64.725,122.426,0,7.61735,0,323.625,129.45,194.768,0,129.45,0,395.967,194.175,129.45,129.45,72.3423,194.175,64.725,130.043,258.9,0,187.151,72.3423,187.151,0,0
 44.5,0,63.0919,133.031,63.0919,0,0,0,126.184,69.9388,0,0,0,1708.96,1916.81,314.773,0,1057.5,0,63.0919,189.276,63.0919,133.031,307.926,69.9388,378.551,378.551,315.46,63.0919,307.926,251.681,497.202,560.294,574.674,315.46,574.674,315.46,266.061,118.65,434.11,126.184,497.202,567.827,433.423,757.103,622.012,448.49,448.49,588.368,237.301,503.362,448.49,637.766,574.674,560.294,685.791,258.528,504.735,510.896,686.478,322.306,441.643,630.232,622.699,440.957,335.314,63.0919,637.766,126.184,63.0919,118.65,0,0,0,0,0,0,118.65,0,0,0,0,0,0,0,0,0,0,0,0,0,63.0919,148146,2253.5,63.0919,0,0,252.368,6.84687,0,0,0,63.0919,63.0919,314.773,252.368,189.276,0,252.368,55.5584,244.834,252.368,55.5584,118.65,189.276,196.123,189.276,126.184,196.123,0,196.123,63.0919,0
 46.1,61.9187,0,61.9187,0,61.9187,0,61.9187,0,61.9187,0,114.479,0,2701.78,1633.56,898.739,0,757.811,0,0,371.512,61.9187,185.756,245.71,371.512,247.675,290.876,123.837,247.675,236.351,316.987,69.3121,440.824,61.9187,476.632,300.235,662.388,557.268,422.107,193.15,743.024,307.628,547.91,500.778,485.991,632.009,238.316,362.154,185.756,748.453,562.697,557.268,795.584,433.431,245.71,500.778,369.547,767.508,750.418,564.662,433.431,476.632,555.303,500.778,440.824,440.824,123.837,495.35,0,61.9187,69.3121,0,0,0,0,0,0,131.231,0,0,0,0,0,0,0,0,0,0,61.9187,0,61.9187,247.675,134887,2279.2,0,0,0,0,0,0,0,61.9187,247.675,238.316,69.3121,185.756,123.837,176.397,61.9187,193.15,316.987,176.397,69.3121,183.791,185.756,123.837,185.756,0,123.837,185.756,61.9187,0,0
 47.8,0,0,60.4218,0,120.844,0,0,0,0,0,69.5542,60.4218,2995.82,3457.7,953.836,0,773.122,108.483,0,289.748,181.265,241.687,69.5542,181.265,120.844,320.374,241.687,181.265,320.374,422.952,302.109,241.687,471.014,864.17,963.52,489.278,591.857,416.496,604.218,337.809,250.82,552.928,371.663,311.241,419.724,552.928,432.085,362.531,190.398,492.507,543.796,492.507,543.796,552.928,432.085,552.928,326.278,422.952,422.952,543.796,682.904,359.302,371.663,422.952,531.435,350.17,302.109,0,0,120.844,0,0,0,0,0,0,60.4218,0,0,0,0,0,0,0,0,0,0,0,0,0,0,131507,1298.93,0,0,0,0,60.4218,0,0,0,241.687,190.398,422.952,265.027,181.265,311.241,120.844,241.687,120.844,69.5542,289.748,129.976,302.109,120.844,120.844,120.844,241.687,60.4218,241.687,0,0
 49.6,59.3442,0,0,0,0,59.3442,59.3442,59.3442,0,0,59.3442,0,2690.64,3500.3,506.665,0,1063.69,12.1402,0,130.829,161.384,118.688,237.377,178.033,59.3442,178.033,296.721,118.688,0,280.072,296.721,280.072,605.582,296.721,588.933,232.868,724.27,245.008,296.721,525.08,441.456,398.76,356.065,458.104,308.861,560.144,398.76,534.098,474.753,576.793,636.137,712.13,612.236,738.176,593.442,458.104,605.582,636.137,517.449,576.793,263.423,750.317,458.104,237.377,410.9,470.245,280.072,0,0,118.688,0,0,0,0,0,0,178.033,0,0,0,0,0,0,0,0,0,0,0,0,0,0,125835,1609.92,0,0,0,0,0,0,0,0,296.721,220.728,178.033,155.109,118.688,118.688,42.6952,42.6952,178.033,118.688,54.8354,59.3442,296.721,220.728,237.377,161.384,280.072,296.721,178.033,0,0
 51.4,58.304,58.304,0,0,0,0,174.912,0,36.1507,58.304,58.304,349.824,3535.76,2774.38,1196.43,58.304,1371.35,174.912,58.304,502.583,227.42,233.216,58.304,130.605,116.608,116.608,58.304,36.1507,174.912,693.852,502.583,402.332,233.216,516.58,344.028,518.94,349.824,191.269,291.52,557.45,454.84,285.724,385.975,380.178,283.364,454.84,482.789,349.824,291.52,263.57,693.852,466.432,389.663,418.689,305.517,438.482,466.432,227.42,307.877,716.005,571.447,440.842,599.397,233.216,227.42,74.6611,307.877,0,0,58.304,0,0,0,0,0,0,0,0,0,0,0,0,0,0,0,0,0,0,0,0,116.608,126615,1590.56,0,0,0,0,58.304,0,0,0,116.608,285.724,174.912,327.671,0,116.608,249.573,110.812,291.52,116.608,191.269,174.912,152.759,307.877,58.304,16.3571,110.812,349.824,116.608,0,0
 53.3,229.197,57.2992,57.2992,0,114.598,0,0,0,21.7715,57.2992,57.2992,401.095,3409.23,2987.22,873.315,0,1217.54,200.334,0,480.165,193.669,143.035,57.2992,43.543,0,0,114.598,79.0708,28.4362,480.165,250.968,365.14,171.898,609.444,508.602,422.866,773.326,200.334,572.992,429.531,186.578,594.764,308.268,616.535,580.581,558.809,572.992,429.531,229.197,501.937,250.968,572.992,572.566,365.567,215.441,673.835,457.967,279.405,429.531,629.865,301.176,401.095,372.232,486.83,365.567,286.496,28.4362,57.2992,0,143.035,0,0,0,0,0,0,171.898,0,0,0,0,0,0,0,0,0,0,0,0,0,0,120154,1775.85,0,0,0,114.598,0,0,0,0,228.77,365.567,257.633,308.268,229.197,114.598,171.898,21.7715,114.598,229.197,401.095,229.197,308.268,229.197,229.197,114.598,365.567,257.633,314.932,0,0
 55.2,56.3282,112.656,56.3282,0,0,112.656,56.3282,56.3282,0,56.3282,0,168.985,3642.52,3845.08,893.694,75.8865,1419.79,216.917,19.5584,188.543,75.8865,141.03,225.313,112.656,56.3282,132.215,112.656,56.3282,310.015,225.313,208.101,470.603,641.515,216.917,442.23,450.625,349.132,591.656,357.527,141.03,554.886,506.954,357.527,394.297,451.045,338.389,337.969,329.573,489.742,188.543,433.414,132.215,264.849,413.856,337.969,526.512,169.404,310.015,273.245,659.146,273.245,208.101,442.23,236.475,357.527,450.625,104.26,112.656,112.656,28.3739,0,0,0,0,0,0,56.3282,0,0,0,0,0,0,0,0,0,0,0,19.5584,0,0,113052,1070.66,0,0,0,56.3282,0,0,0,0,357.947,225.313,310.015,225.313,168.985,112.656,132.215,225.313,281.641,112.656,281.641,132.215,281.641,171.331,413.856,132.215,168.985,141.03,84.7021,56.3282,0
 57.3,64.9109,110.778,110.778,110.778,0,55.3891,110.778,55.3891,55.3891,0,0,204.255,4223.43,3599.35,830.648,257.713,1309.92,91.5459,36.1568,332.146,146.935,55.3891,110.778,0,9.52182,313.102,55.3891,110.778,166.167,276.946,127.703,211.846,366.184,368.491,267.235,332.335,460.037,221.556,211.846,110.778,368.491,286.467,442.924,674.191,397.246,563.413,139.344,498.313,515.427,700.826,368.303,423.881,358.781,313.102,221.556,267.235,221.556,332.335,378.013,303.392,91.5459,349.259,387.535,303.392,36.1568,110.778,146.935,55.3891,55.3891,55.3891,0,0,0,0,0,0,64.9109,0,0,0,0,0,0,0,0,0,0,0,36.1568,0,55.3891,104386,1054.13,0,0,0,55.3891,55.3891,0,0,0,202.324,286.467,341.856,341.856,231.078,166.167,36.1568,64.9109,332.335,221.556,276.946,313.102,110.778,404.46,387.535,313.102,110.778,166.167,9.52182,0,0
 59.4,45.1148,0,0,0,107.291,108.961,0,0,54.4805,52.8101,0,342.23,5084.02,3759.42,1174.83,217.922,1282.12,217.922,0,415.442,108.961,108.961,108.961,216.251,99.5953,0,107.291,54.4805,108.961,216.251,217.922,206.886,217.922,54.4805,314.176,108.961,326.883,272.402,154.076,108.961,107.291,477.618,253.671,424.808,371.998,479.288,298.786,144.71,107.291,217.922,359.291,323.542,206.886,270.732,434.173,259.696,326.883,381.363,263.037,370.327,217.922,381.363,252.001,99.5953,108.961,217.922,108.961,54.4805,0,54.4805,0,0,0,0,0,0,99.5953,0,0,0,0,0,0,0,0,0,0,0,0,0,0,100580,1520.4,0,0,0,54.4805,0,0,0,0,163.441,154.076,154.076,317.517,208.556,107.291,160.101,99.5953,108.961,54.4805,54.4805,54.4805,0,248.66,308.151,217.922,272.402,323.542,208.556,0,0
 61.5,107.201,93.185,160.802,0,162.446,0,53.6007,160.802,160.802,55.2441,0,402.416,4054.66,4244.32,1449.68,214.403,1931.27,107.201,0,323.248,253.987,146.786,107.201,41.2276,53.6007,53.6007,55.2441,186.37,93.185,323.248,214.403,216.046,200.386,160.802,324.891,507.974,268.004,160.802,268.004,214.403,269.647,110.488,268.004,162.446,375.205,309.231,200.386,307.588,216.046,107.201,110.488,110.488,269.647,241.614,376.849,217.69,200.386,53.6007,107.201,94.8283,268.004,521.991,162.446,465.925,536.007,347.172,0,53.6007,0,93.185,0,0,0,0,0,0,107.201,0,53.6007,0,0,0,0,0,0,0,0,0,0,0,107.201,100058,1527.21,0,0,0,0,0,39.5842,0,0,160.802,293.571,375.205,160.802,268.004,216.046,56.8875,39.5842,107.201,160.802,53.6007,53.6007,160.802,112.132,400.773,482.407,293.571,164.089,200.386,0,0
 63.8,77.9806,66.5423,77.9806,158.246,52.7486,52.7486,183.478,52.7486,130.729,0,158.246,419.775,4846.51,4215.6,1371.61,130.729,1374.03,52.7486,158.246,605.467,119.291,197.272,261.458,302.769,52.7486,158.246,130.729,133.085,224.788,105.497,210.994,316.492,172.04,210.994,288.975,238.582,105.497,52.7486,105.497,263.743,210.994,210.994,130.729,130.729,103.213,250.02,222.503,172.04,105.497,263.743,0,130.729,421.989,344.079,316.492,236.226,330.285,183.478,288.975,541.28,158.246,330.285,52.7486,279.963,158.246,80.336,52.7486,52.7486,52.7486,119.291,0,0,0,0,0,0,52.7486,0,0,0,0,0,0,0,0,0,0,0,0,0,0,94881.9,1607.9,0,0,0,0,0,13.7937,0,0,369.24,369.311,341.724,183.478,210.994,52.7486,183.478,250.02,52.7486,263.743,210.994,288.975,605.467,316.492,449.576,105.497,158.317,394.472,172.04,0,0
 66.1,79.0086,103.846,254.279,51.9228,0,113.597,79.0086,103.846,130.931,0,51.9228,496.64,4262.66,3461.98,1121.88,338.622,1981.9,113.597,0,523.644,415.382,130.931,365.708,192.605,207.691,51.9228,234.777,155.768,103.846,103.846,51.9228,155.768,155.768,51.9228,79.0086,0,61.6739,0,155.768,311.537,259.614,51.9228,140.683,286.7,106.094,79.0086,261.863,155.768,165.519,321.288,217.442,130.931,103.846,165.519,113.597,130.931,155.768,130.931,286.7,363.459,103.846,155.768,51.9228,259.614,51.9228,155.768,0,0,0,0,0,0,0,0,0,0,311.537,0,0,0,0,0,0,0,0,0,0,0,0,0,9.75114,89602,1571.93,0,0,0,165.519,0,0,0,0,185.022,79.0086,192.605,358.125,217.442,103.846,98.5109,234.777,51.9228,269.365,259.614,296.451,390.545,207.691,425.133,103.846,348.374,400.296,155.768,0,0
 68.5,0,51.3842,134.852,51.3842,51.3842,144.502,154.152,0,147.256,102.768,0,359.689,3789.37,3382.44,1402.91,205.537,1771.24,298.655,0,426.611,198.64,154.152,102.768,284.862,95.8716,0,102.768,198.64,44.4874,0,102.768,154.152,102.768,0,205.537,51.3842,195.887,154.152,0,0,256.921,102.768,298.655,205.537,256.921,205.537,140.359,51.3842,195.887,240.374,195.887,51.3842,154.152,144.502,291.758,0,102.768,95.8716,102.768,51.3842,0,102.768,51.3842,102.768,198.64,0,0,51.3842,51.3842,154.152,51.3842,0,0,0,0,0,102.768,0,0,0,0,0,0,0,0,0,0,0,0,0,93.1183,87569,805.6,0,0,0,144.502,154.152,102.768,102.768,301.408,279.355,308.305,240.374,340.389,195.887,191.743,340.389,359.689,44.4874,247.271,0,137.606,102.768,256.921,401.423,198.64,291.758,144.502,294.511,0,0
 71.0,0,151.798,102.33,127.064,101.199,202.398,76.4645,0,57.3908,50.5994,151.798,381.192,4302.41,3629.91,1019.91,279.993,1718.28,101.199,0,285.654,209.189,177.663,177.663,367.779,57.3908,252.997,101.199,83.2559,6.79138,0,50.5994,101.199,151.798,101.199,101.199,0,151.798,228.263,101.199,228.263,50.5994,151.798,151.798,101.199,151.798,202.398,39.4478,76.4645,101.199,32.6564,101.199,151.798,0,50.5994,6.79138,76.4645,50.5994,57.3908,101.199,50.5994,50.5994,50.5994,101.199,50.5994,107.99,151.798,0,25.8651,0,252.997,0,0,0,0,0,0,127.064,0,0,0,0,0,0,0,0,0,0,0,0,0,0,85666,1171.71,0,0,0,102.33,481.26,683.657,407.057,412.717,101.199,430.66,57.3908,101.199,228.263,114.782,151.798,252.997,158.59,202.398,50.5994,107.99,101.199,101.199,505.994,386.852,6.79138,151.798,418.378,0,0
 73.7,150.261,206.501,249.316,124.658,100.174,50.0871,130.811,150.261,100.174,0,50.0871,330.04,4396.17,3188.18,1501.49,323.887,1918.54,200.348,100.174,637.835,156.414,130.811,174.745,106.327,200.348,50.0871,62.3928,375.093,56.24,150.261,50.0871,150.261,56.24,50.0871,150.261,100.174,0,74.571,0,74.571,50.0871,0,56.24,50.0871,0,50.0871,74.571,174.745,0,180.898,100.174,0,50.0871,50.0871,50.0871,24.4839,56.24,50.0871,50.0871,0,0,6.15288,0,0,150.261,150.261,50.0871,24.4839,0,56.24,0,0,0,0,0,0,325.006,0,0,0,0,0,0,0,0,0,0,0,0,0,0,82094.8,1294.13,0,0,0,612.231,425.181,475.268,404.611,656.166,350.61,325.006,300.522,100.174,180.898,150.261,256.588,306.675,100.174,150.261,200.348,0,100.174,212.654,1164.31,187.051,300.522,206.501,450.784,0,0
 76.4,99.1693,241.832,49.5847,148.754,198.339,148.754,162.461,99.1693,198.339,104.075,0,673.201,4285.94,3539.31,1224.72,530.538,1915.87,99.1693,0,582.834,142.663,291.417,183.446,291.417,183.446,247.923,235.741,99.1693,192.248,49.5847,99.1693,148.754,43.4935,0,49.5847,0,0,0,0,0,49.5847,0,127.77,0,84.2762,148.754,0,34.6916,148.754,93.0782,84.2762,84.2762,49.5847,99.1693,49.5847,49.5847,43.4935,49.5847,99.1693,0,0,291.417,49.5847,118.968,0,34.6916,0,99.1693,49.5847,192.248,49.5847,0,0,0,0,0,148.754,0,0,0,0,49.5847,0,0,49.5847,0,0,0,0,0,0,80470.7,1484.5,49.5847,0,0,384.495,317.306,332.2,341.002,375.693,332.2,297.508,302.413,297.508,192.248,118.968,375.693,177.354,247.923,297.508,302.413,0,198.339,270.433,1063.79,384.495,381.784,177.354,233.03,0,0
 79.1,98.1838,245.459,0,109.986,98.1838,49.0919,78.5821,98.1838,49.0919,154.221,0,468.374,4643.51,3390.52,1179.26,222.915,2035.52,147.276,49.0919,832.678,343.643,170.88,112.929,196.368,75.6389,196.368,98.1838,147.276,98.1838,0,0,11.8019,0,49.0919,0,0,109.986,0,49.0919,98.1838,147.276,49.0919,63.837,0,63.837,60.8938,0,63.837,0,0,63.837,14.7451,11.8019,0,98.1838,49.0919,0,98.1838,0,0,49.0919,49.0919,0,29.4902,0,63.837,0,49.0919,0,11.8019,0,0,0,0,0,0,98.1838,0,0,0,0,0,0,0,0,0,0,0,0,0,98.1838,77906.4,1382.58,0,0,0,98.1838,176.766,211.113,208.17,75.6389,162.021,245.459,289.695,60.8938,318.155,324.042,124.731,222.915,392.735,245.459,240.603,98.1838,109.986,124.731,1646.58,343.643,112.929,211.113,431.084,49.0919,0
 82.0,97.217,218.15,145.825,134.14,0,181.988,0,291.651,97.217,206.464,97.217,461.953,4693.37,2979.7,1288.64,400.898,1799.2,97.217,36.1623,621.33,145.825,171.062,266.758,181.988,425.791,97.217,194.434,48.6085,145.825,0,0,36.9228,0,0,97.217,48.6085,85.5312,0,0,0,0,0,0,48.6085,0,85.5312,0,97.217,48.6085,0,48.6085,48.6085,36.9228,84.7708,48.6085,0,48.6085,48.6085,0,0,0,0,0,0,0,48.6085,0,48.6085,0,121.694,0,0,0,0,0,0,84.7708,84.7708,0,0,0,0,48.6085,0,0,0,0,0,0,0,0,74680.6,949.143,48.6085,0,0,194.434,145.825,145.825,182.748,182.748,412.584,230.596,218.15,121.694,353.05,291.651,182.748,328.574,97.217,48.6085,279.205,145.825,231.357,303.681,1798.1,583.302,84.7708,194.434,473.983,0,0
 85.1,154.467,169.052,96.2683,250.735,96.2683,156.727,270.863,298.869,192.537,120.918,10.0642,341.386,3707.49,2368.63,1105.99,217.186,1716.05,144.402,70.5231,283.188,154.467,192.537,120.918,214.926,288.805,288.805,144.402,192.537,48.1341,0,48.1341,48.1341,0,0,0,0,0,0,0,48.1341,0,0,48.1341,0,48.1341,0,0,0,0,0,48.1341,0,48.1341,12.3248,96.2683,48.1341,0,48.1341,0,0,0,0,0,0,0,0,48.1341,250.735,0,214.926,0,0,0,0,0,0,60.4589,12.3248,0,0,0,0,0,0,0,0,0,0,0,0,48.1341,70954.5,987.332,0,0,48.1341,367.132,298.869,415.266,357.067,395.137,477.985,176.856,169.052,118.657,108.593,48.1341,96.2683,96.2683,192.537,58.1983,263.06,96.2683,192.537,237.314,3015.6,838.409,359.328,154.467,181.377,0,0
 88.2,307.762,156.585,156.585,386.054,221.983,269.879,161.543,116.175,317.776,78.2927,133.676,739.184,3499.12,2880.27,1230.69,234.878,1750.42,191.587,37.8822,605.509,85.7789,126.189,191.587,403.555,413.57,317.776,174.086,108.689,47.8967,95.7934,0,47.8967,0,0,95.7934,0,0,0,0,30.396,0,0,0,47.8967,0,0,0,47.8967,0,0,47.8967,0,0,0,47.8967,0,0,0,0,0,47.8967,0,0,0,0,0,0,133.676,0,116.175,0,0,0,0,0,0,174.086,0,0,0,0,0,0,47.8967,0,0,0,0,0,0,0,68892.5,1414.79,0,0,0,892.889,386.054,736.304,807.11,673.435,219.454,219.454,239.484,303.156,287.38,95.7934,174.086,143.69,191.587,85.7789,259.865,221.983,47.8967,219.454,3849.37,759.213,229.469,164.072,378.568,0,0
 91.4,113.12,224.406,129.535,130.452,112.203,161.472,48.3524,207.074,207.074,207.074,47.4354,653.159,4251.89,2764.05,1429.46,479.832,2603.49,189.742,142.306,556.454,238.094,397.733,379.483,349.38,208.908,68.4356,492.603,320.194,94.8709,0,0,0,0,0,0,0,0,0,0,17.3322,47.4354,0,0,0,0,94.8709,0,47.4354,47.4354,0,0.916983,0,0,0,0,0,0,0,0,94.8709,47.4354,0,0.916983,47.4354,0,0,0,94.8709,0,207.074,0,47.4354,0,0,0,0,64.7676,47.4354,47.4354,47.4354,48.3524,0,47.4354,0,0,94.8709,0,0,0,0,0.916983,66350.2,1353.75,0,47.4354,0,1033.56,841.984,997.061,1127.51,651.325,284.613,142.306,190.659,212.552,48.3524,49.2694,301.945,0,426.919,142.306,207.074,159.638,94.8709,189.742,3984.64,892.17,379.483,160.555,99.432,0,0
 94.7,140.7,158.702,205.906,187.904,64.2935,204.081,235.109,141.613,459.016,94.4084,47.2042,392.898,4236.18,2321.55,1105.02,423.925,1927.74,205.906,47.2042,647.833,204.994,140.7,158.702,188.817,315.579,391.073,127.674,140.7,283.225,0,0,0,0,0,47.2042,0,0,0,0,0,0,0,0,47.2042,0,0,0,0,0,0,93.4959,0,0,0,0,0,0,0,0,0,47.2042,0,46.2917,0,0,141.613,47.2042,0,0,94.4084,0,0,0,0,0,188.817,47.2042,94.4084,158.702,141.613,410.9,188.817,0,17.0892,0,0,0,47.2042,0,47.2042,46.2917,62535.2,1335.16,81.3827,47.2042,64.2935,2125.52,869.916,1333,1165.25,1175.21,47.2042,205.906,252.198,235.109,157.789,204.081,94.4084,188.817,175.791,94.4084,141.613,47.2042,188.817,236.021,5569.59,1309.11,128.587,93.4959,141.613,0,0
 98.2,140.925,217.869,233.041,46.975,201.968,217.869,343.998,359.899,153.887,281.85,140.925,577.039,4526.73,2961.74,964.696,140.197,1726.32,217.869,0,575.934,311.818,218.974,452.743,218.974,200.862,358.793,216.035,93.9499,109.123,46.975,0,0,0,0,0,0,0,0,0,31.0739,0,0,0,0,0,0,0,0,0,0,0,0,0,46.975,0,0,0,46.975,0,0,0,0,0,0,0,93.9499,0,78.0489,0,0,0,0,0,0,0,265.949,46.975,171.271,467.916,578.872,529.687,469.75,0,76.9437,0,0,0,0,46.975,0,0,59994.1,1500.64,231.936,297.023,154.993,11392.7,9249.53,11074.6,9987.44,11166.7,359.899,170.894,108.018,187.9,170.894,170.894,281.85,125.024,106.912,218.974,125.024,140.925,46.975,125.024,5716,1479.59,575.934,140.925,93.9499,0,0
101.8,229.837,136.342,218.639,323.332,202.815,186.991,210.836,62.5717,463.575,327.233,93.4953,667.114,4000.23,2868.37,1208.36,409.75,2057.84,420.729,183.089,740.884,327.233,62.5717,93.4953,389.805,463.575,327.233,261.485,280.486,218.639,186.991,0,0,42.8465,46.7476,0,0,0,0,0,15.8241,0,46.7476,0,0,0,0,0,0,0,0,0,0,0,0,46.7476,0,0,0,0,46.7476,0,0,0,0,0,0,0,105.418,0,140.243,0,0,0,46.7476,183.089,152.166,280.486,433.376,962.7,822.457,510.323,1071.29,136.342,85.6929,140.243,93.4953,93.4953,46.7476,0,0,0,58943.6,1423.1,985.821,678.313,849.479,52545.5,57711.6,56317.5,61627.4,64692.1,1036.47,233.738,198.913,93.4953,93.4953,229.837,186.991,249.562,463.575,62.5717,152.166,140.243,323.332,249.562,5714.57,1699.68,230.562,93.4953,0,0,0
105.5,283.016,96.9268,98.9054,248.215,232.611,418.7,286.898,93.0444,329.538,238.472,93.0444,713.438,4649.06,3569.17,1659.49,430.347,1992.91,139.567,143.449,955.792,244.333,279.133,139.567,383.9,242.354,186.089,288.877,145.428,98.9054,0,0,0,3.88237,0,0,0,0,0,0,0,0,0,0,46.5222,0,0,0,0,0,0,0,0,0,0,0,46.5222,46.5222,0,0,0,0,0,0,0,0,93.0444,0,50.4046,0,145.428,0,46.5222,0,0,387.782,294.738,372.178,515.627,579.732,887.805,1033.23,707.577,434.304,54.287,46.5222,93.0444,0,46.5222,46.5222,46.5222,0,55882.8,1459.7,1483.14,2025.8,1432.74,146253,152645,153235,156070,150292,2287.72,238.472,236.493,58.2441,139.567,189.971,191.95,325.656,143.449,232.611,143.449,238.472,3.88237,93.0444,6145.69,1754.43,434.304,191.95,139.567,46.5222,46.5222
109.4,152.259,59.6616,424.218,153.956,277.792,337.454,350.817,198.558,231.493,133.063,198.558,616.943,4834.1,3621.1,1247.25,291.155,2279.18,198.558,138.896,690.345,405.023,370.39,443.414,219.828,318.258,416.688,225.661,133.063,410.855,46.2987,0,0,0,0,0,0,0,0,46.2987,0,46.2987,0,0,46.2987,0,0,0,0,0,0,46.2987,0,0,0,0,0,0,46.2987,0,46.2987,0,0,46.2987,13.3629,0,105.96,0,46.2987,0,86.7646,46.2987,0,0,46.2987,219.828,219.828,105.96,291.155,538.086,231.493,271.959,503.453,928.614,304.518,0,152.259,0,46.2987,46.2987,0,138.896,52865.9,1191.72,1420.4,1577.17,2140.66,214148,217066,218076,217464,212533,3221.91,364.557,138.896,173.529,231.493,277.792,192.725,138.896,92.5974,231.493,185.195,192.725,92.5974,138.896,6346.72,1093.67,551.072,331.621,138.896,0,46.2987
113.4,283.051,366.681,283.051,362.271,277.742,403.253,334.651,125.511,203.831,277.742,125.511,519.812,4948.04,3917.5,1775.86,598.132,2606.21,190.47,138.871,421.922,370.323,203.831,389.892,64.9599,370.323,111.25,388.992,111.25,333.751,0,46.2903,0,0,0,0,0,0,0,0,0,46.2903,0,0,0,46.2903,0,0,0,0,0,46.2903,0,46.2903,0,0,0,0,0,0,0,0,0,0,32.9299,0,79.2202,0,18.6696,46.2903,92.5807,46.2903,0,46.2903,0,296.412,138.871,97.8898,274.1,111.25,277.742,92.5807,157.541,911.504,852.795,46.2903,51.5995,92.5807,185.161,222.501,333.751,482.34,52165.8,1210.52,1569.29,1609.37,1710.77,187702,191205,185195,183078,172778,3177.62,296.412,46.2903,185.161,111.25,138.871,32.9299,92.5807,92.5807,111.25,138.871,32.9299,92.5807,185.161,5717.16,1519.4,752.163,440.592,277.742,0,0
117.6,141.228,312.808,303.899,165.694,298.014,159.808,374.593,230.342,165.694,298.014,138.205,583.333,4968.18,3061.84,1569.51,497.082,2542.39,233.365,46.0685,645.118,457.822,325.502,251.945,279.433,138.205,211.762,119.625,211.762,174.602,92.137,0,0,0,0,0,0,0,0,46.0685,0,0,0,0,0,46.0685,0,0,0,0,0,0,0,0,0,0,0,0,0,0,0,0,0,0,0,0,92.137,0,27.4884,0,46.0685,0,0,0,0,119.625,138.205,257.831,515.821,211.762,92.137,230.342,233.365,826.37,1327.4,390.151,116.762,67.6711,503.89,902.949,1317.72,1771.6,51257.3,1218.62,3102.94,2707.07,2576.53,112672,106172,106807,108622,97790.4,1942.42,371.57,298.014,92.137,165.694,184.274,159.808,89.2737,138.205,165.694,135.342,113.74,251.945,92.137,5308.92,1790.5,393.173,193.182,344.082,46.0685,368.548
121.9,138.889,276.359,114.428,252.608,369.188,369.188,187.102,184.239,297.225,346.88,160.488,874.404,5383.06,3373.79,1938.79,621.086,2769.98,277.069,0,1223.44,505.193,300.82,392.94,300.82,206.548,368.478,322.418,92.1196,46.0598,0,0,0,0,0,0,0,0,0,0,0,0,0,0,0,0,0,0,0,0,0,0,46.0598,0,0,0,0,0,0,0,0,0,0,46.0598,0,0,138.179,0,206.548,0,92.1196,0,0,0,0,92.1196,0,252.608,578.599,230.299,274.916,297.225,231.009,508.078,2078.39,759.975,692.317,1173.07,1747.36,1840.19,1732.22,1478.2,48594.7,1541.55,9256.42,9096.62,9057.82,49990.6,42759,45240.7,45422.6,44022.3,832.649,162.641,70.521,252.608,252.608,46.0598,184.949,371.341,138.179,92.1196,209.411,138.889,116.581,184.239,3997.01,1784.01,463.461,228.856,254.76,46.0598,1103.99
126.3,295.308,225.511,295.308,254.001,115.848,274.655,112.755,138.153,301.494,343.01,207.95,870.014,5231.43,3193.24,1357.57,663.715,3157.91,392.154,92.1018,733.513,577.591,455.765,230.254,204.857,346.103,184.204,46.0509,184.204,230.254,0,0,0,0,0,0,0,46.0509,0,0,0,0,0,0,0,0,0,0,0,0,0,0,0,0,0,46.0509,0,0,0,46.0509,46.0509,0,0,0,46.0509,0,46.0509,0,69.7974,0,46.0509,0,0,0,0,66.7044,92.1018,115.848,1548.2,158.806,231.697,276.097,274.655,323.798,1835.43,1583.08,2084.9,2654.86,2892.74,1866.81,1378.02,922.46,46838.6,1011.26,25369.8,23230.3,24980,19323,18245.8,17147.6,17764.2,16715.2,484.255,250.908,46.0509,346.103,207.95,46.0509,23.7466,46.0509,92.1018,112.755,90.451,228.604,46.0509,184.204,4628.45,2595.99,455.765,323.798,66.7044,158.806,3021.83
131.0,373.077,557.245,343.627,246.8,292.842,272.192,117.476,322.293,368.334,226.151,184.167,984.153,5717.72,3878.72,1916.84,389.668,2835.67,322.293,46.0418,945.901,749.201,327.036,309.433,226.151,464.149,292.842,384.925,108.675,184.167,46.0418,0,0,46.0418,0,0,0,0,0,0,0,0,0,0,0,0,46.0418,0,0,0,0,0,0,0,0,0,0,0,16.591,0,0,0,0,0,0,0,62.6328,46.0418,62.6328,92.0836,0,0,0,0,0,272.192,184.167,184.167,2253.03,196.7,401.516,531.852,25.3924,276.251,904.602,2448.36,3482.62,3127.83,3119.35,1448.63,954.703,368.334,43862,1080.3,54467.1,48877.7,56665.2,10000.3,7997.5,7176.51,8041.49,7180.24,92.0836,71.4342,92.0836,92.0836,138.125,46.0418,46.0418,138.125,92.0836,117.476,71.4342,71.4342,0,92.0836,3430.15,2368.81,636.468,523.051,414.049,364.276,6231.28
135.8,112.219,240.24,167.543,315.717,351.673,489.771,184.13,184.13,368.26,305.64,92.0651,667.39,5869.03,3012.73,1565.73,473.968,3150.82,332.305,46.0326,1140.57,519.215,424.37,289.053,259.608,420.64,417.859,279.761,305.64,148.175,0,0,0,10.0768,0,0,0,0,0,0,0,0,0,0,0,0,0,0,46.0326,0,0,0,46.0326,0,0,0,0,0,29.4449,0,0,0,0,0,0,0,75.4775,0,75.4775,46.0326,0,0,0,0,0,39.5217,10.0768,92.0651,2562.48,1254.36,998.321,1491.82,500.633,286.272,393.975,2368.27,3360.05,2317.89,1815.26,796.196,558.737,322.228,42067,1358.66,84267.5,81070.3,84969.7,6010.86,4460.77,3836.01,4494.73,4317.11,158.251,112.219,46.0326,184.13,194.207,204.284,102.142,322.228,240.24,138.098,56.1094,148.175,138.098,138.098,2653.76,1670.49,851.52,535.803,322.064,918.492,14122.7
140.7,445.342,267.296,323.654,267.296,92.4724,138.709,278.491,186.019,279.566,186.019,139.783,1332.88,5932.43,4081.98,1251.53,848.124,3338.98,499.551,46.2362,916.751,648.381,594.172,186.019,186.019,223.208,535.666,395.883,184.945,129.661,0,0,0,36.1148,0,0,0,0,0,46.2362,0,0,0,0,0,0,0,0,0,0,0,46.2362,46.2362,0,0,0,0,0,0,0,0,0,0,0,0,0,1.07417,46.2362,92.4724,0,46.2362,0,0,0,0,1711.36,2513.49,278.491,5293.34,7500.19,10217.6,12215.4,6571.25,267.296,231.181,1295.99,1486.38,793.915,1070.26,478.234,269.444,187.093,41715.6,1210.04,73486.9,82922.4,83864.7,3703.43,2146.96,2198.64,2806.92,2262.2,395.883,303.411,46.2362,231.181,82.351,165.776,174.823,94.6208,36.1148,92.4724,36.1148,82.351,277.417,186.019,3310.84,1737.73,359.768,510.747,257.174,1331.73,22089.8
145.9,264.844,175.198,211.071,443.279,185.766,314.523,91.8043,174.119,451.69,231.129,231.129,1034.29,6387.21,4640.63,2086.49,639.614,2931.93,220.561,82.3147,1416.4,463.337,357.728,570.957,359.885,276.492,220.561,92.8832,46.4416,184.687,46.4416,0,0,0,0,0,0,0,0,0,0,0,0,0,0,0,0,0,0,0,0,0,0,0,0,0,0,0,0,0,0,0,0,0,0,0,91.8043,0,92.8832,0,92.8832,0,0,0,0,13713.9,17925.5,1117.69,16260.2,34105,38394.9,43483.2,25349.3,1551.48,82.3147,268.081,689.144,637.456,370.454,489.721,276.492,559.309,38810.4,1080.74,60896.9,60255,60720.2,2462.19,1074.26,1187.2,1309.71,1088.07,246.944,314.523,128.756,139.325,128.756,163.551,46.4416,183.609,0,128.756,46.4416,128.756,139.325,231.129,2252.2,1856.44,618.477,591.015,339.827,1875.34,27349.5
151.2,428.452,261.161,253.292,253.292,92.8636,242.725,185.727,196.293,425.266,68.0544,278.591,724.989,5742.89,4101.79,1450.47,796.72,3683.88,149.862,103.43,853.718,550.809,422.079,564.071,403.643,278.591,125.052,232.159,232.159,232.159,46.4318,92.8636,0,0,0,0,0,21.6226,0,0,0,0,0,0,0,0,0,0,0,0,0,0,0,0,0,0,0,0,0,0,0,0,0,0,0,0,21.6226,0,185.727,46.4318,92.8636,0,0,46.4318,0,45427.3,53936.6,1747.5,33633.4,73353.9,75651.7,78703.8,54457.8,7244.72,400.457,310.78,424.286,586.184,371.454,692.8,532.372,1447.28,37349.7,1303.79,97243.6,74754.3,84768.7,2003.48,814.666,821.53,703.367,692.8,263.858,125.052,10.5662,139.295,146.675,89.1869,0,68.0544,68.0544,103.43,139.295,196.293,92.8636,139.295,2143.27,899.66,421.589,378.834,331.912,2109.61,31467.5
156.8,373.11,447.87,279.833,326.472,279.833,46.6388,139.916,144.684,194.523,304.752,0,1328.16,5375.2,5284.09,1827.43,334.44,3039.03,373.11,93.2776,1244.41,426.151,332.873,169.604,491.308,331.239,449.436,144.684,191.323,331.239,46.6388,0,0,46.6388,0,0,0,24.9198,0,0,0,0,0,0,0,0,0,0,0,0,0,0,0,0,0,0,0,0,4.76745,0,46.6388,0,0,0,0,0,122.965,46.6388,93.2776,0,0,0,0,0,0,84414.8,82298.4,3441.27,42166.6,85505.1,87217,93586.7,68966.4,22650.7,1671.05,692.165,649.211,979.966,1591.52,4098.87,4191.11,6269.19,37445.9,1068.48,171392,152406,174342,1953.05,1046.76,775.908,692.165,449.436,93.2776,122.965,46.6388,98.045,236.395,24.9198,0,24.9198,71.5585,186.555,93.2776,0,98.045,98.045,1815.25,734.036,597.321,96.4783,262.881,2611.24,53602.8
162.5,359.852,251.229,219.31,251.229,327.933,453.548,234.238,167.673,323.144,46.8476,0,1154.1,6844.69,3903.08,1888.07,808.611,3783.65,187.39,93.6952,1003.98,187.39,313.005,214.521,374.781,135.754,416.84,261.369,416.84,135.754,46.8476,0,0,0,0,0,0,0,0,0,0,0,0,0,0,0,0,0,46.8476,0,0,0,46.8476,0,0,0,0,0,42.0588,0,0,0,0,0,0,0,88.9064,0,140.543,0,0,0,0,0,0,84325.7,84501.9,2835.82,35225.8,64201.9,66665.6,61475.1,53358.3,48155.5,5851.03,3102.82,2869.7,2938.43,5242.68,11649.7,10982,19253,35769,1301.49,218138,224568,236480,2209.25,1126.97,887.378,1080.12,1042.85,140.543,88.9064,0,88.9064,46.8476,0,78.7669,93.6952,78.7669,46.8476,46.8476,93.6952,120.826,182.602,1985.05,663.28,505.746,172.462,182.602,3289.27,78339
168.5,118.638,124.107,212.755,77.049,197.759,156.17,244.818,259.813,141.175,197.759,197.759,1155.9,6498.89,5274.98,1985.8,557.158,3362.49,197.759,19.0527,807.444,423.524,269.339,532.636,197.759,235.291,329.408,203.228,197.759,103.643,94.1165,0,0,0,0,0,0,0,0,0,0,0,0,0,0,0,47.0583,0,0,47.0583,0,0,0,0,0,0,0,0,0,0,0,47.0583,47.0583,0,0,0,47.0583,9.52634,9.52634,0,56.5846,0,0,0,0,58934.3,53008.1,1805.19,22798.8,32271.3,35294.6,28541.1,30971.5,63802.3,14901.9,7939.88,6583.31,6433.53,11701.5,21712.6,22629.2,45159.9,38258.1,1210.42,161031,199145,191121,1611.49,1386.3,1118.37,1169.49,1056.32,94.1165,150.701,235.291,9.52634,47.0583,188.233,156.17,0,14.9954,141.175,47.0583,94.1165,109.112,141.175,1295.01,754.917,235.291,212.755,150.701,4654.27,68683.6
174.7,211.951,284.975,275.361,110.661,227.865,237.48,211.951,370.352,142.488,164.456,132.873,968.326,6471.34,3756.1,1756.28,734.406,3132.26,211.951,202.337,1193.45,316.558,407.99,284.975,322.856,316.558,269.062,316.558,85.3769,275.361,47.4959,47.4959,0,0,0,0,0,0,0,0,0,0,0,0,0,0,0,0,0,0,0,0,0,0,47.4959,0,0,0,0,0,0,0,0,0,0,0,0,37.881,85.3769,0,37.881,47.4959,0,0,0,26504,24616.3,787.957,9608.47,13284,15725.2,12158.8,16467.9,58306.6,36474.2,12823.4,10854.3,11102.3,20968.4,42839,55569.3,93604.5,33807.6,1386.17,79551.7,104185,93645.8,1190.14,1828.73,626.483,1066.06,705.562,174.07,211.951,94.9918,85.3769,0,174.07,142.488,142.488,0,0,31.5827,47.4959,142.488,126.575,1506.45,408.233,174.07,85.3769,227.865,2990.02,34167.9
181.1,162.389,384.966,98.6908,79.684,340.519,197.382,210.102,190.85,143.138,404.217,286.275,1148.61,5684.38,3825.1,2163.88,496.377,3179.15,445.398,19.2515,951.572,448.664,483.901,286.275,245.094,407.483,257.814,210.102,238.563,47.7125,0,0,0,0,0,0,47.7125,0,0,0,0,0,47.7125,0,0,0,0,0,0,0,0,0,0,0,0,0,0,0,0,0,0,0,0,0,0,0,0,0,0,0,0,47.7125,0,0,0,10956.3,11023.4,525.082,5994.92,5741.7,6142.75,5289.13,10943.8,36885.3,64615,23319.2,16775.6,23296.7,47777.7,89516.2,105273,123106,34300.9,1107.43,29168.3,42690.5,36620.3,830.364,1091.69,858.825,350.218,646.046,19.2515,111.411,47.7125,190.85,143.138,19.2515,47.7125,47.7125,0,146.403,22.5172,47.7125,3.26575,15.9857,849.86,238.563,111.411,194.116,286.275,1676.96,15301.2
187.7,478.33,229.092,209.223,405.17,302.252,282.383,112.898,116.194,260.682,157.764,192.651,883.5,5996.88,3572.27,1828.16,401.874,3713.19,376.876,141.191,1154.16,478.33,591.228,288.976,273.958,423.574,257.386,237.517,144.488,0,0,48.1627,0,0,0,0,0,0,0,0,0,0,0,0,0,0,0,0,0,0,0,0,0,0,0,0,0,0,0,0,0,0,0,0,0,0,96.3254,0,0,0,0,0,0,0,0,4558.5,4748.23,116.194,2834.82,3050.72,3838.26,2952.93,6360.85,18145.1,81491.5,49556.3,41224.5,59217.8,94849.7,145054,142747,104244,30808,1381.42,14888.5,16311.8,17473.9,333.842,491.606,464.776,473.202,471.737,44.8661,192.651,48.1627,0,96.3254,44.8661,337.139,144.488,96.3254,44.8661,157.764,48.1627,64.7348,68.0314,783.878,96.3254,48.1627,189.354,288.976,755.584,13668.3
194.6,82.1072,153.621,76.8105,173.582,125.196,48.3856,270.353,270.353,207.303,76.8105,48.3856,1436,6697.18,3291,1184.84,487.346,2804.11,153.621,96.7711,1448.86,178.878,419.903,227.264,332.499,193.542,221.967,0,260.985,130.493,33.7216,0,0,0,0,0,0,0,0,0,0,0,0,0,0,0,0,0,0,0,0,0,0,0,0,0,0,0,0,0,0,0,0,0,0,0,130.493,0,0,0,0,48.3856,0,0,0,2610.25,2355.78,255.689,1693.95,1891.57,2178.71,1630.9,6296.66,9695.11,69037.4,86357.8,81387.3,96533.9,124407,137719,107819,52771,30662.1,1301.57,7505.34,8895.54,8167.77,406.142,415.509,292.578,153.621,0,82.1072,48.3856,130.493,48.3856,96.7711,145.157,96.7711,145.157,96.7711,96.7711,173.582,96.7711,76.8105,76.8105,386.181,193.542,260.985,0,115.829,946.847,37924.1
201.7,59.8169,146.547,341.942,48.8488,289.257,341.942,97.6977,97.6977,255.212,138.874,48.8488,1160.26,5448.47,4280.47,1313.94,750.233,2856.18,195.395,0,1001.61,544.469,382.519,401.759,349.074,338.106,244.244,146.547,127.306,112.502,63.6532,0,48.8488,0,0,48.8488,0,0,48.8488,0,0,0,0,48.8488,48.8488,0,0,0,0,0,0,0,0,0,45.0126,0,0,0,0,0,97.6977,0,0,0,0,0,112.502,0,97.6977,0,97.6977,0,0,0,0,1287.57,1377,161.351,1430.28,1002.75,1306.81,1445.08,5638.35,5589.38,40866.5,107090,111656,100340,99546.7,83967.6,54390.5,21444.6,28012,930.824,4378.17,6179.4,5694.33,318.865,195.395,255.212,146.547,93.8614,63.6532,195.395,112.502,48.8488,0,146.547,97.6977,142.71,45.0126,48.8488,0,48.8488,97.6977,48.8488,709.656,195.395,176.155,97.6977,270.017,2290.98,101575
209.1,312.531,197.285,98.6426,250.85,151.837,147.964,300.171,147.964,349.122,61.3112,4.24311,1068.95,6191.28,4676.9,1996.83,505.203,2448.22,147.964,98.6426,579.243,361.482,550.651,452.008,303.675,205.402,349.492,246.606,197.285,152.207,0,0,0,0,0,0,0,0,0,0,0,0,0,0,0,0,49.3213,0,49.3213,0,0,0,0,4.24311,3.87339,0,0,0,0,0,49.3213,0,0,0,0,0,147.964,0,49.3213,0,0,0,0,0,0,801.131,406.191,102.886,710.605,694.372,312.161,751.44,3357.39,3981.05,19557,84261,99210.6,65184.8,51565.3,34605.7,23924.8,9883.53,28006.5,1204.19,4434.54,4137.87,5076.01,61.6809,49.3213,201.159,205.771,156.08,0,0,102.886,49.3213,49.3213,98.6426,201.528,102.516,102.516,147.964,0,49.3213,49.3213,4.24311,304.044,246.606,102.886,0,53.1947,5568.93,191999
216.7,236.162,99.6064,149.41,95.3218,59.2972,99.6064,104.816,258.51,99.6064,244.731,204.422,1238.36,4366.09,4172.91,1563.81,612.342,2755.25,149.41,49.8032,1152.53,340.053,244.731,104.816,199.213,204.422,55.0126,158.904,109.1,95.3218,149.41,49.8032,0,49.8032,0,0,0,49.8032,9.49402,0,0,0,0,0,0,0,0,0,0,0,0,0,0,95.3218,0,0,0,0,0,0,0,0,0,0,0,0,99.6064,0,9.49402,99.6064,49.8032,0,0,0,0,344.338,317.807,154.619,349.547,268.004,349.547,298.819,2947.4,2477.75,8181.11,44054.3,54123.1,31516.4,23162.6,13827.2,10234.3,4598.3,28425.4,1291.52,2944.86,3439.64,3709.97,299.744,149.41,149.41,299.744,244.731,149.41,0,244.731,49.8032,49.8032,99.6064,145.125,158.904,0,49.8032,49.8032,149.41,59.2972,104.816,493.747,49.8032,95.3218,99.6064,99.6064,8264.47,233199
224.7,62.1327,201.179,50.2948,124.265,141.297,201.179,342.476,40.7071,150.885,251.474,141.297,670.171,4879.68,2939.6,1542.21,433.478,2441.85,213.017,50.2948,799.63,263.312,352.064,265.562,325.445,102.84,292.181,91.002,191.592,62.1327,50.2948,0,50.2948,0,0,0,0,0,40.7071,50.2948,11.8379,0,100.59,50.2948,0,0,50.2948,50.2948,0,0,50.2948,11.8379,11.8379,0,0,0,50.2948,62.1327,0,0,50.2948,0,0,0,0,0,50.2948,0,191.592,0,62.1327,0,0,0,0,251.474,232.299,141.297,443.066,205.68,141.297,100.59,2168.84,2083.03,4910.31,19516.2,21820.8,12715.9,10147.2,6905.18,5963.56,3047.74,24323.4,943.071,1992.03,2761.34,2461.72,241.886,0,50.2948,91.002,100.59,50.2948,23.6757,50.2948,50.2948,50.2948,0,100.59,91.002,50.2948,100.59,50.2948,0,40.7071,91.002,263.312,201.179,50.2948,0,150.885,8729.19,178627
232.9,202.428,11.1978,0,77.6812,253.983,101.593,123.989,214.384,152.39,61.9944,152.39,1069.65,5303.61,4191.33,1381.95,620.757,2534.52,366.016,0,1025.61,315.219,101.593,342.862,331.664,202.428,50.7966,101.593,101.593,89.6372,11.1978,50.7966,0,11.1978,101.593,50.7966,50.7966,11.1978,0,50.7966,38.8406,50.7966,0,0,0,0,0,0,0,50.7966,0,89.6372,38.8406,0,0,50.7966,0,38.8406,0,50.7966,0,50.7966,50.7966,50.7966,101.593,112.791,50.7966,0,112.791,50.7966,38.8406,50.7966,50.7966,0,101.593,203.186,101.593,50.7966,152.39,179.274,253.983,214.384,2088.55,1989.23,3614.66,8368.48,8980.26,5880.27,5095.22,4076.27,3877.62,1597.79,25589.5,928.509,725.323,1619.48,1392.39,50.7966,61.9944,112.791,101.593,152.39,50.7966,179.274,0,50.7966,50.7966,50.7966,152.39,50.7966,50.7966,0,101.593,50.7966,50.7966,50.7966,191.23,101.593,61.9944,0,0,6120.84,88829.7
241.4,143.354,150.892,154.724,154.724,66.6502,103.149,183.559,91.7797,51.5745,158.43,154.724,1375.75,5331.41,2955.4,1415,467.877,2404.72,493.007,103.149,1248.91,294.246,368.56,194.929,464.171,305.616,59.1124,162.261,110.687,154.724,40.2052,51.5745,59.1124,40.2052,0,0,103.149,91.7797,103.149,0,0,0,51.5745,0,51.5745,0,51.5745,51.5745,51.5745,0,0,51.5745,0,0,0,51.5745,154.724,0,51.5745,7.53782,51.5745,0,0,0,0,91.7797,0,0,143.354,0,0,0,0,51.5745,51.5745,206.298,257.873,51.5745,309.447,515.745,280.486,460.339,2083.9,1719.3,2145.53,4686.07,5343.73,2936.62,3302.91,3322.64,1801.03,1123.02,25447.1,1130.81,452.801,934.439,418.693,206.298,143.354,194.929,0,51.5745,213.836,154.724,59.1124,51.5745,0,0,51.5745,59.1124,0,51.5745,51.5745,103.149,103.149,59.1124,213.836,206.298,91.7797,51.5745,103.149,2745.52,32624.5
Scan Up Time(s),90,90,90,90,90,90,90,90,90,90,90,90,90,90,90,90,90,90,90,90,90,90,90,90,90,90,90,90,90,90,90,90,90,90,90,90,90,90,90,90,90,90,90,90,90,90,90,90,90,90,90,90,90,90,90,90,90,90,90,90,90,90,90,90,90,90,90,90,90,90,90,90,90,90,90,90,90,90,90,90,90,90,90,90,90,90,90,90,90,90,90,90,90,90,90,90,90,90,90,90,90,90,90,90,90,90,90,90,90,90,90,90,90,90,90,90,90,90,90,90,90,90
Retrace Time(s),30,30,30,30,30,30,30,30,30,30,30,30,30,30,30,30,30,30,30,30,30,30,30,30,30,30,30,30,30,30,30,30,30,30,30,30,30,30,30,30,30,30,30,30,30,30,30,30,30,30,30,30,30,30,30,30,30,30,30,30,30,30,30,30,30,30,30,30,30,30,30,30,30,30,30,30,30,30,30,30,30,30,30,30,30,30,30,30,30,30,30,30,30,30,30,30,30,30,30,30,30,30,30,30,30,30,30,30,30,30,30,30,30,30,30,30,30,30,30,30,30,30
Down Scan First,FALSE,FALSE,FALSE,FALSE,FALSE,FALSE,FALSE,FALSE,FALSE,FALSE,FALSE,FALSE,FALSE,FALSE,FALSE,FALSE,FALSE,FALSE,FALSE,FALSE,FALSE,FALSE,FALSE,FALSE,FALSE,FALSE,FALSE,FALSE,FALSE,FALSE,FALSE,FALSE,FALSE,FALSE,FALSE,FALSE,FALSE,FALSE,FALSE,FALSE,FALSE,FALSE,FALSE,FALSE,FALSE,FALSE,FALSE,FALSE,FALSE,FALSE,FALSE,FALSE,FALSE,FALSE,FALSE,FALSE,FALSE,FALSE,FALSE,FALSE,FALSE,FALSE,FALSE,FALSE,FALSE,FALSE,FALSE,FALSE,FALSE,FALSE,FALSE,FALSE,FALSE,FALSE,FALSE,FALSE,FALSE,FALSE,FALSE,FALSE,FALSE,FALSE,FALSE,FALSE,FALSE,FALSE,FALSE,FALSE,FALSE,FALSE,FALSE,FALSE,FALSE,FALSE,FALSE,FALSE,FALSE,FALSE,FALSE,FALSE,FALSE,FALSE,FALSE,FALSE,FALSE,FALSE,FALSE,FALSE,FALSE,FALSE,FALSE,FALSE,FALSE,FALSE,FALSE,FALSE,FALSE,FALSE,FALSE,FALSE,FALSE,FALSE
Scans Per Sample,1,1,1,1,1,1,1,1,1,1,1,1,1,1,1,1,1,1,1,1,1,1,1,1,1,1,1,1,1,1,1,1,1,1,1,1,1,1,1,1,1,1,1,1,1,1,1,1,1,1,1,1,1,1,1,1,1,1,1,1,1,1,1,1,1,1,1,1,1,1,1,1,1,1,1,1,1,1,1,1,1,1,1,1,1,1,1,1,1,1,1,1,1,1,1,1,1,1,1,1,1,1,1,1,1,1,1,1,1,1,1,1,1,1,1,1,1,1,1,1,1,1
Impactor Type(cm),None,None,None,None,None,None,None,None,None,None,None,None,None,None,None,None,None,None,None,None,None,None,None,None,None,None,None,None,None,None,None,None,None,None,None,None,None,None,None,None,None,None,None,None,None,None,None,None,None,None,None,None,None,None,None,None,None,None,None,None,None,None,None,None,None,None,None,None,None,None,None,None,None,None,None,None,None,None,None,None,None,None,None,None,None,None,None,None,None,None,None,None,None,None,None,None,None,None,None,None,None,None,None,None,None,None,None,None,None,None,None,None,None,None,None,None,None,None,None,None,None,None
Sheath Flow(lpm),13,13,13,13,13,13,13,13,13,13,13,13,13,13,13,13,13,13,13,13,13,13,13,13,13,13,13,13,13,13,13,13,13,13,13,13,13,13,13,13,13,13,13,13,13,13,13,13,13,13,13,13,13,13,13,13,13,13,13,13,13,13,13,13,13,13,13,13,13,13,13,13,13,13,13,13,13,13,13,13,13,13,13,13,13,13,13,13,13,13,13,13,13,13,13,13,13,13,13,13,13,13,13,13,13,13,13,13,13,13,13,13,13,13,13,13,13,13,13,13,13,13
Aerosol Flow(lpm),1.3,1.3,1.3,1.3,1.3,1.3,1.3,1.3,1.3,1.3,1.3,1.3,1.3,1.3,1.3,1.3,1.3,1.3,1.3,1.3,1.3,1.3,1.3,1.3,1.3,1.3,1.3,1.3,1.3,1.3,1.3,1.3,1.3,1.3,1.3,1.3,1.3,1.3,1.3,1.3,1.3,1.3,1.3,1.3,1.3,1.3,1.3,1.3,1.3,1.3,1.3,1.3,1.3,1.3,1.3,1.3,1.3,1.3,1.3,1.3,1.3,1.3,1.3,1.3,1.3,1.3,1.3,1.3,1.3,1.3,1.3,1.3,1.3,1.3,1.3,1.3,1.3,1.3,1.3,1.3,1.3,1.3,1.3,1.3,1.3,1.3,1.3,1.3,1.3,1.3,1.3,1.3,1.3,1.3,1.3,1.3,1.3,1.3,1.3,1.3,1.3,1.3,1.3,1.3,1.3,1.3,1.3,1.3,1.3,1.3,1.3,1.3,1.3,1.3,1.3,1.3,1.3,1.3,1.3,1.3,1.3,1.3
CPC Inlet Flow(lpm),0.3,0.3,0.3,0.3,0.3,0.3,0.3,0.3,0.3,0.3,0.3,0.3,0.3,0.3,0.3,0.3,0.3,0.3,0.3,0.3,0.3,0.3,0.3,0.3,0.3,0.3,0.3,0.3,0.3,0.3,0.3,0.3,0.3,0.3,0.3,0.3,0.3,0.3,0.3,0.3,0.3,0.3,0.3,0.3,0.3,0.3,0.3,0.3,0.3,0.3,0.3,0.3,0.3,0.3,0.3,0.3,0.3,0.3,0.3,0.3,0.3,0.3,0.3,0.3,0.3,0.3,0.3,0.3,0.3,0.3,0.3,0.3,0.3,0.3,0.3,0.3,0.3,0.3,0.3,0.3,0.3,0.3,0.3,0.3,0.3,0.3,0.3,0.3,0.3,0.3,0.3,0.3,0.3,0.3,0.3,0.3,0.3,0.3,0.3,0.3,0.3,0.3,0.3,0.3,0.3,0.3,0.3,0.3,0.3,0.3,0.3,0.3,0.3,0.3,0.3,0.3,0.3,0.3,0.3,0.3,0.3,0.3
CPC Sample Flow(lpm),0.3,0.3,0.3,0.3,0.3,0.3,0.3,0.3,0.3,0.3,0.3,0.3,0.3,0.3,0.3,0.3,0.3,0.3,0.3,0.3,0.3,0.3,0.3,0.3,0.3,0.3,0.3,0.3,0.3,0.3,0.3,0.3,0.3,0.3,0.3,0.3,0.3,0.3,0.3,0.3,0.3,0.3,0.3,0.3,0.3,0.3,0.3,0.3,0.3,0.3,0.3,0.3,0.3,0.3,0.3,0.3,0.3,0.3,0.3,0.3,0.3,0.3,0.3,0.3,0.3,0.3,0.3,0.3,0.3,0.3,0.3,0.3,0.3,0.3,0.3,0.3,0.3,0.3,0.3,0.3,0.3,0.3,0.3,0.3,0.3,0.3,0.3,0.3,0.3,0.3,0.3,0.3,0.3,0.3,0.3,0.3,0.3,0.3,0.3,0.3,0.3,0.3,0.3,0.3,0.3,0.3,0.3,0.3,0.3,0.3,0.3,0.3,0.3,0.3,0.3,0.3,0.3,0.3,0.3,0.3,0.3,0.3
Low Voltage,10.6098,10.6098,10.6098,10.6098,10.6098,10.6098,10.6098,10.6098,10.6098,10.6098,10.6098,10.6098,10.6098,10.6098,10.6098,10.6098,10.6098,10.6098,10.6098,10.6098,10.6098,10.6098,10.6098,10.6098,10.6098,10.6098,10.6098,10.6098,10.6098,10.6098,10.6098,10.6098,10.6098,10.6098,10.6098,10.6098,10.6098,10.6098,10.6098,10.6098,10.6098,10.6098,10.6098,10.6098,10.6098,10.6098,10.6098,10.6098,10.6098,10.6098,10.6098,10.6098,10.6098,10.6098,10.6098,10.6098,10.6098,10.6098,10.6098,10.6098,10.6098,10.6098,10.6098,10.6098,10.6098,10.6098,10.6098,10.6098,10.6098,10.6098,10.6098,10.6098,10.6098,10.6098,10.6098,10.6098,10.6098,10.6098,10.6098,10.6098,10.6098,10.6098,10.6098,10.6098,10.6098,10.6098,10.6098,10.6098,10.6098,10.6098,10.6098,10.6098,10.6098,10.6098,10.6098,10.6098,10.6098,10.6098,10.6098,10.6098,10.6098,10.6098,10.6098,10.6098,10.6098,10.6098,10.6098,10.6098,10.6098,10.6098,10.6098,10.6098,10.6098,10.6098,10.6098,10.6098,10.6098,10.6098,10.6098,10.6098,10.6098,10.6098
High Voltage,9695.19,9695.19,9695.19,9695.19,9695.19,9695.19,9695.19,9695.19,9695.19,9695.19,9695.19,9695.19,9695.19,9695.19,9695.19,9695.19,9695.19,9695.19,9695.19,9695.19,9695.19,9695.19,9695.19,9695.19,9695.19,9695.19,9695.19,9695.19,9695.19,9695.19,9695.19,9695.19,9695.19,9695.19,9695.19,9695.19,9695.19,9695.19,9695.19,9695.19,9695.19,9695.19,9695.19,9695.19,9695.19,9695.19,9695.19,9695.19,9695.19,9695.19,9695.19,9695.19,9695.19,9695.19,9695.19,9695.19,9695.19,9695.19,9695.19,9695.19,9695.19,9695.19,9695.19,9695.19,9695.19,9695.19,9695.19,9695.19,9695.19,9695.19,9695.19,9695.19,9695.19,9695.19,9695.19,9695.19,9695.19,9695.19,9695.19,9695.19,9695.19,9695.19,9695.19,9695.19,9695.19,9695.19,9695.19,9695.19,9695.19,9695.19,9695.19,9695.19,9695.19,9695.19,9695.19,9695.19,9695.19,9695.19,9695.19,9695.19,9695.19,9695.19,9695.19,9695.19,9695.19,9695.19,9695.19,9695.19,9695.19,9695.19,9695.19,9695.19,9695.19,9695.19,9695.19,9695.19,9695.19,9695.19,9695.19,9695.19,9695.19,9695.19
Lower Size(nm),6.49382,6.49382,6.49382,6.49382,6.49382,6.49382,6.49382,6.49382,6.49382,6.49382,6.49382,6.49382,6.49382,6.49382,6.49382,6.49382,6.49382,6.49382,6.49382,6.49382,6.49382,6.49382,6.49382,6.49382,6.49382,6.49382,6.49382,6.49382,6.49382,6.49382,6.49382,6.49382,6.49382,6.49382,6.49382,6.49382,6.49382,6.49382,6.49382,6.49382,6.49382,6.49382,6.49382,6.49382,6.49382,6.49382,6.49382,6.49382,6.49382,6.49382,6.49382,6.49382,6.49382,6.49382,6.49382,6.49382,6.49382,6.49382,6.49382,6.49382,6.49382,6.49382,6.49382,6.49382,6.49382,6.49382,6.49382,6.49382,6.49382,6.49382,6.49382,6.49382,6.49382,6.49382,6.49382,6.49382,6.49382,6.49382,6.49382,6.49382,6.49382,6.49382,6.49382,6.49382,6.49382,6.49382,6.49382,6.49382,6.49382,6.49382,6.49382,6.49382,6.49382,6.49382,6.49382,6.49382,6.49382,6.49382,6.49382,6.49382,6.49382,6.49382,6.49382,6.49382,6.49382,6.49382,6.49382,6.49382,6.49382,6.49382,6.49382,6.49382,6.49382,6.49382,6.49382,6.49382,6.49382,6.49382,6.49382,6.49382,6.49382,6.49382
Upper Size(nm),245.824,245.824,245.824,245.824,245.824,245.824,245.824,245.824,245.824,245.824,245.824,245.824,245.824,245.824,245.824,245.824,245.824,245.824,245.824,245.824,245.824,245.824,245.824,245.824,245.824,245.824,245.824,245.824,245.824,245.824,245.824,245.824,245.824,245.824,245.824,245.824,245.824,245.824,245.824,245.824,245.824,245.824,245.824,245.824,245.824,245.824,245.824,245.824,245.824,245.824,245.824,245.824,245.824,245.824,245.824,245.824,245.824,245.824,245.824,245.824,245.824,245.824,245.824,245.824,245.824,245.824,245.824,245.824,245.824,245.824,245.824,245.824,245.824,245.824,245.824,245.824,245.824,245.824,245.824,245.824,245.824,245.824,245.824,245.824,245.824,245.824,245.824,245.824,245.824,245.824,245.824,245.824,245.824,245.824,245.824,245.824,245.824,245.824,245.824,245.824,245.824,245.824,245.824,245.824,245.824,245.824,245.824,245.824,245.824,245.824,245.824,245.824,245.824,245.824,245.824,245.824,245.824,245.824,245.824,245.824,245.824,245.824
Density(g/cc),1,1,1,1,1,1,1,1,1,1,1,1,1,1,1,1,1,1,1,1,1,1,1,1,1,1,1,1,1,1,1,1,1,1,1,1,1,1,1,1,1,1,1,1,1,1,1,1,1,1,1,1,1,1,1,1,1,1,1,1,1,1,1,1,1,1,1,1,1,1,1,1,1,1,1,1,1,1,1,1,1,1,1,1,1,1,1,1,1,1,1,1,1,1,1,1,1,1,1,1,1,1,1,1,1,1,1,1,1,1,1,1,1,1,1,1,1,1,1,1,1,1
Title,,,,,,,,,,,,,,,,,,,,,,,,,,,,,,,,,,,,,,,,,,,,,,,,,,,,,,,,,,,,,,,,,,,,,,,,,,,,,,,,,,,,,,,,,,,,,,,,,,,,,,,,,,,,,,,,,,,,,,,,,,
Status Flag,Inlet Flow Rate Error ,Inlet Flow Rate Error ,Inlet Flow Rate Error ,Inlet Flow Rate Error ,Inlet Flow Rate Error ,Inlet Flow Rate Error ,Inlet Flow Rate Error ,Inlet Flow Rate Error ,Inlet Flow Rate Error ,Inlet Flow Rate Error ,Inlet Flow Rate Error ,Inlet Flow Rate Error ,Inlet Flow Rate Error ,Inlet Flow Rate Error ,Inlet Flow Rate Error ,Inlet Flow Rate Error ,Inlet Flow Rate Error ,Inlet Flow Rate Error ,Inlet Flow Rate Error ,Inlet Flow Rate Error ,Inlet Flow Rate Error ,Inlet Flow Rate Error ,Inlet Flow Rate Error ,Inlet Flow Rate Error ,Inlet Flow Rate Error ,Inlet Flow Rate Error ,Inlet Flow Rate Error ,Inlet Flow Rate Error ,Inlet Flow Rate Error ,Inlet Flow Rate Error ,Inlet Flow Rate Error ,Inlet Flow Rate Error ,Inlet Flow Rate Error ,Inlet Flow Rate Error ,Inlet Flow Rate Error ,Inlet Flow Rate Error ,Inlet Flow Rate Error ,Inlet Flow Rate Error ,Inlet Flow Rate Error ,Inlet Flow Rate Error ,Inlet Flow Rate Error ,Inlet Flow Rate Error ,Inlet Flow Rate Error ,Inlet Flow Rate Error ,Inlet Flow Rate Error ,Inlet Flow Rate Error ,Inlet Flow Rate Error ,Inlet Flow Rate Error ,Inlet Flow Rate Error ,Inlet Flow Rate Error ,Inlet Flow Rate Error ,Inlet Flow Rate Error ,Inlet Flow Rate Error ,Inlet Flow Rate Error ,Inlet Flow Rate Error ,Inlet Flow Rate Error ,Inlet Flow Rate Error ,Inlet Flow Rate Error ,Inlet Flow Rate Error ,Inlet Flow Rate Error ,Inlet Flow Rate Error ,Inlet Flow Rate Error ,Inlet Flow Rate Error ,Inlet Flow Rate Error ,Inlet Flow Rate Error ,Inlet Flow Rate Error ,Inlet Flow Rate Error ,Inlet Flow Rate Error ,Inlet Flow Rate Error ,Inlet Flow Rate Error ,Inlet Flow Rate Error ,Inlet Flow Rate Error ,Inlet Flow Rate Error ,Inlet Flow Rate Error ,Inlet Flow Rate Error ,Inlet Flow Rate Error ,Inlet Flow Rate Error ,Inlet Flow Rate Error ,Inlet Flow Rate Error ,Inlet Flow Rate Error ,Inlet Flow Rate Error ,Inlet Flow Rate Error ,Inlet Flow Rate Error ,Inlet Flow Rate Error ,Inlet Flow Rate Error ,Inlet Flow Rate Error ,Inlet Flow Rate Error ,Inlet Flow Rate Error ,Inlet Flow Rate Error ,Inlet Flow Rate Error ,Inlet Flow Rate Error ,Inlet Flow Rate Error ,Inlet Flow Rate Error ,Inlet Flow Rate Error ,Inlet Flow Rate Error ,Inlet Flow Rate Error ,Inlet Flow Rate Error ,Inlet Flow Rate Error ,Inlet Flow Rate Error ,Inlet Flow Rate Error ,Inlet Flow Rate Error ,Inlet Flow Rate Error ,Inlet Flow Rate Error ,Inlet Flow Rate Error ,Inlet Flow Rate Error ,Inlet Flow Rate Error ,Inlet Flow Rate Error ,Inlet Flow Rate Error ,Inlet Flow Rate Error ,Inlet Flow Rate Error ,Inlet Flow Rate Error ,Inlet Flow Rate Error ,Inlet Flow Rate Error ,Inlet Flow Rate Error ,Inlet Flow Rate Error ,Inlet Flow Rate Error ,Inlet Flow Rate Error ,Inlet Flow Rate Error ,Inlet Flow Rate Error ,Inlet Flow Rate Error ,Inlet Flow Rate Error ,Inlet Flow Rate Error 
td(s),2.21462,2.21462,2.21462,2.21462,2.21462,2.21462,2.21462,2.21462,2.21462,2.21462,2.21462,2.21462,2.21462,2.21462,2.21462,2.21462,2.21462,2.21462,2.21462,2.21462,2.21462,2.21462,2.21462,2.21462,2.21462,2.21462,2.21462,2.21462,2.21462,2.21462,2.21462,2.21462,2.21462,2.21462,2.21462,2.21462,2.21462,2.21462,2.21462,2.21462,2.21462,2.21462,2.21462,2.21462,2.21462,2.21462,2.21462,2.21462,2.21462,2.21462,2.21462,2.21462,2.21462,2.21462,2.21462,2.21462,2.21462,2.21462,2.21462,2.21462,2.21462,2.21462,2.21462,2.21462,2.21462,2.21462,2.21462,2.21462,2.21462,2.21462,2.21462,2.21462,2.21462,2.21462,2.21462,2.21462,2.21462,2.21462,2.21462,2.21462,2.21462,2.21462,2.21462,2.21462,2.21462,2.21462,2.21462,2.21462,2.21462,2.21462,2.21462,2.21462,2.21462,2.21462,2.21462,2.21462,2.21462,2.21462,2.21462,2.21462,2.21462,2.21462,2.21462,2.21462,2.21462,2.21462,2.21462,2.21462,2.21462,2.21462,2.21462,2.21462,2.21462,2.21462,2.21462,2.21462,2.21462,2.21462,2.21462,2.21462,2.21462,2.21462
tf(s),1.73557,1.73557,1.73557,1.73557,1.73557,1.73557,1.73557,1.73557,1.73557,1.73557,1.73557,1.73557,1.73557,1.73557,1.73557,1.73557,1.73557,1.73557,1.73557,1.73557,1.73557,1.73557,1.73557,1.73557,1.73557,1.73557,1.73557,1.73557,1.73557,1.73557,1.73557,1.73557,1.73557,1.73557,1.73557,1.73557,1.73557,1.73557,1.73557,1.73557,1.73557,1.73557,1.73557,1.73557,1.73557,1.73557,1.73557,1.73557,1.73557,1.73557,1.73557,1.73557,1.73557,1.73557,1.73557,1.73557,1.73557,1.73557,1.73557,1.73557,1.73557,1.73557,1.73557,1.73557,1.73557,1.73557,1.73557,1.73557,1.73557,1.73557,1.73557,1.73557,1.73557,1.73557,1.73557,1.73557,1.73557,1.73557,1.73557,1.73557,1.73557,1.73557,1.73557,1.73557,1.73557,1.73557,1.73557,1.73557,1.73557,1.73557,1.73557,1.73557,1.73557,1.73557,1.73557,1.73557,1.73557,1.73557,1.73557,1.73557,1.73557,1.73557,1.73557,1.73557,1.73557,1.73557,1.73557,1.73557,1.73557,1.73557,1.73557,1.73557,1.73557,1.73557,1.73557,1.73557,1.73557,1.73557,1.73557,1.73557,1.73557,1.73557
D50(nm),1000,1000,1000,1000,1000,1000,1000,1000,1000,1000,1000,1000,1000,1000,1000,1000,1000,1000,1000,1000,1000,1000,1000,1000,1000,1000,1000,1000,1000,1000,1000,1000,1000,1000,1000,1000,1000,1000,1000,1000,1000,1000,1000,1000,1000,1000,1000,1000,1000,1000,1000,1000,1000,1000,1000,1000,1000,1000,1000,1000,1000,1000,1000,1000,1000,1000,1000,1000,1000,1000,1000,1000,1000,1000,1000,1000,1000,1000,1000,1000,1000,1000,1000,1000,1000,1000,1000,1000,1000,1000,1000,1000,1000,1000,1000,1000,1000,1000,1000,1000,1000,1000,1000,1000,1000,1000,1000,1000,1000,1000,1000,1000,1000,1000,1000,1000,1000,1000,1000,1000,1000,1000
Median(nm),122.689,115.225,106.016,112.581,120.774,109.368,110.092,115.403,120.56,113.058,116.491,140.929,115.897,106.085,114.339,138.822,126.325,120.737,114.376,129.036,108.249,110.872,10.5933,89.765,90.7155,86.9797,89.8457,101.262,58.6979,48.342,41.466,44.4311,43.8615,44.2606,44.9125,43.2404,45.4766,42.1709,42.7571,45.6666,44.2931,44.4127,42.1005,44.405,44.4094,45.8199,42.6408,44.2305,42.5615,44.6791,44.9124,43.9874,43.9658,45.2258,44.9319,46.1187,44.9703,45.5994,44.375,47.6231,43.2628,45.759,43.7243,43.7562,42.9201,54.6374,33.2658,98.6133,35.7375,71.0392,171.627,91.9255,151.606,231.274,161.187,160.472,154.761,157.957,156.914,156.927,156.064,158.929,171.148,188.38,200.585,202.206,198.325,194.561,190.193,187.778,181.038,10.9588,9.06753,133.884,160.578,159.781,110.797,110.854,110.777,110.745,110.554,106.868,79.8248,68.5227,66.707,75.0368,74.9356,80.1454,74.7341,72.7795,72.7761,65.6138,68.3772,66.5296,69.614,104.229,118.482,108.297,92.226,85.2939,208.69,209.618
Mean(nm),119.466,113.178,102.968,112.479,122.639,108.486,115.861,118.352,122.517,111.49,116.513,139.704,122.464,116.057,120.422,140.095,128.702,122.686,127.959,129.408,107.239,112.812,52.6132,103.551,99.3325,95.3317,96.38,111.86,83.3751,60.6555,49.0093,49.0092,47.8914,46.3336,46.753,48.0483,49.0211,49.2212,46.7183,48.0459,48.137,47.0582,45.722,46.6844,46.8511,50.5226,45.426,47.2297,45.9887,45.6379,49.2284,46.4795,46.2771,48.0597,47.8812,50.115,47.9864,48.6772,45.9089,52.0469,45.8356,48.6187,45.4005,47.9491,48.464,76.6053,35.4084,111.91,52.1423,80.0387,143.841,103.472,171.349,186.584,162.184,160.929,132.357,158.593,157.356,157.616,156.526,162.567,172.204,187.881,198.593,199.631,196.761,193.495,189.736,187.641,172.479,19.6494,17.6943,90.4847,157.863,156.987,107.952,111.607,111.607,111.641,111.449,94.1205,94.225,83.6214,81.5187,85.6303,85.3682,97.8148,88.8801,79.747,87.6514,79.0032,87.7505,86.7381,84.2109,98.9548,117.588,105.593,97.7566,101.806,195.813,199.613
Geo. Mean(nm),100.671,94.5761,77.1544,93.2459,102.042,84.7538,94.6705,99.7863,108.99,88.7852,96.073,124.764,107.962,100.615,104.068,129.245,114.815,102.387,115.793,112.467,86.4661,91.568,25.1344,81.9264,77.9317,76.3193,78.7307,95.7034,63.8865,51.9954,43.8117,45.1805,43.3267,43.4738,42.2939,44.4465,45.538,44.6981,43.3121,45.7134,45.6322,42.1536,42.8879,42.7051,45.1369,46.9375,42.4158,42.0681,43.2726,42.5466,45.2914,43.615,43.4668,45.7145,43.3557,45.7801,45.4314,45.655,42.7512,47.6581,43.1135,46.2861,42.9721,44.3716,44.5285,63.6072,33.4417,94.1303,42.3588,68.0133,131.816,77.243,163,173.991,161.823,159.587,111.711,157.586,155.863,156.802,155.482,160.899,169.962,186.34,195.825,196.552,195.051,192.243,188.691,186.638,154.517,13.6852,11.6781,42.7034,156.292,155.109,100.259,110.524,110.868,110.936,110.828,78.5882,79.2375,69.508,69.0086,73.9695,68.8774,82.0847,70.4993,68.9476,72.3306,66.6939,72.7925,74.3181,71.399,74.599,111.311,92.6224,85.2993,87.1173,191.558,197.361
Mode(nm),187.688,130.975,25.0287,145.902,121.881,135.773,117.574,174.658,101.815,181.056,181.056,194.564,162.531,156.788,181.056,140.746,162.531,140.746,174.658,194.564,130.975,140.746,8.2047,34.5989,35.8664,140.746,91.3982,162.531,42.9351,51.397,38.5423,44.5079,55.2316,47.8286,47.8286,41.4178,53.2798,55.2316,38.5423,46.1384,41.4178,53.2798,41.4178,44.5079,39.9542,42.9351,37.1803,44.5079,37.1803,57.2549,35.8664,42.9351,32.1968,49.5807,44.5079,53.2798,46.1384,46.1384,44.5079,51.397,47.8286,39.9542,44.5079,39.9542,42.9351,41.4178,35.8664,85.0526,27.8813,71.0497,68.539,29.9614,241.442,232.91,156.788,162.531,156.788,156.788,156.788,156.788,156.788,156.788,168.485,187.688,201.691,201.691,201.691,194.564,187.688,187.688,181.056,6.61169,6.61169,8.50526,162.531,162.531,109.411,109.411,109.411,109.411,109.411,109.411,71.0497,47.8286,66.1169,82.047,79.1476,42.9351,121.881,101.815,76.3506,37.1803,57.2549,63.7804,57.2549,109.411,126.346,135.773,145.902,82.047,224.679,216.739
Geo. Std. Dev.,1.91334,1.94615,2.46443,1.97773,2.04304,2.26678,2.05354,1.90768,1.70158,2.14373,1.95907,1.68358,1.68545,1.7373,1.80133,1.52557,1.6649,2.00156,1.60419,1.77781,2.02294,2.00467,3.33825,2.05324,2.1088,2.00304,1.93443,1.79703,2.17056,1.64701,1.51391,1.43852,1.55499,1.37872,1.63818,1.40571,1.406,1.45982,1.42138,1.34344,1.35726,1.58516,1.39811,1.54771,1.3132,1.41238,1.41326,1.64098,1.38644,1.4748,1.44528,1.39643,1.39162,1.34505,1.57607,1.44864,1.34401,1.38876,1.46101,1.45356,1.38225,1.33883,1.36382,1.44235,1.42284,1.7828,1.36571,1.84482,1.74166,1.78661,1.53748,2.20367,1.37012,1.47786,1.06892,1.19045,2.09877,1.13599,1.2052,1.12891,1.15496,1.18593,1.2375,1.17036,1.26428,1.2757,1.184,1.14687,1.13624,1.13456,1.96087,2.04184,2.02091,4.23199,1.18611,1.21597,1.69657,1.19434,1.15091,1.14818,1.13535,2.07715,1.92575,1.89651,1.79941,1.73422,2.01478,1.84001,2.13138,1.72219,1.92391,1.78313,1.87338,1.73364,1.78746,2.67808,1.42497,1.74117,1.73115,1.79779,1.27204,1.16822
Total Concentration(#/cm),148.974,156.962,153.911,144.782,130.508,164.303,142.55,124.669,153.334,138.758,92.6175,532.73,3745.35,2822.36,1109.03,293.76,1750.57,176.279,45.8697,587.794,304.557,258.776,553.753,257.809,244.276,242.173,192.064,134.804,178.76,130.776,137.443,139.91,139.468,137.036,169.239,150.169,165.776,117.122,133.682,130.754,139.916,153.05,165.626,170.407,158.798,168.92,152.239,145.58,148.47,156.148,167.571,169.063,161.29,146.527,153.118,139.169,143.389,133.4,146.989,163.383,133.485,153.305,145.788,138.774,148.26,116.092,272.358,62.4303,50.7816,74.0174,6.06169,3.55807,2.25464,3.84709,5280.12,5350.49,311.757,2946.24,5153.74,5460.53,5467.63,4737.88,4541.38,5670.07,7241.38,7449.9,6745.28,8005.93,9514.31,8711.46,8178.09,601713,15097.3,31365.5,18112.3,18667.8,13663.4,12932,12842.7,12971.8,12454,386.229,173.049,149.475,155.679,137.279,127.511,128.175,144.909,128.745,123.986,140.219,113.724,129.278,156.905,1745.11,547.811,246.885,181.816,183.448,905.724,19289.6
Comment,,,,,,,,,,,,,,,,,,,,,,,,,,,,,,,,,,,,,,,,,,,,,,,,,,,,,,,,,,,,,,,,,,,,,,,,,,,,,,,,,,,,,,,,,,,,,,,,,,,,,,,,,,,,,,,,,,,,,,,,,,
