Sample File,C:\Users\Marduk\Documents\SMPS_data\r20160727_SMPS.S80
Classifier Model,3080
DMA Model,3081
DMA Inner Radius(cm),0.00937
DMA Outer Radius(cm),0.01961
DMA Characteristic Length(cm),0.44369
CPC Model,3775 Low Flow
Gas Viscosity (kg/(m*s)),1.822e-005
Mean Free Path (m),6.642e-008
Channels/Decade,64
Multiple Charge Correction,FALSE
Nanoparticle Aggregate Mobility Analysis,FALSE
Diffusion Correction,FALSE
Units,dw/dlogDp
Weight,Diameter
Sample #,1,2,3,4,5,6,7,8,9,10,11,12,13,14,15,16,17,18,19,20,21,22,23,24,25,26,27,28,29,30,31,32,33,34,35,36,37,38,39,40,41,42,43,44,45,46,47,48,49,50,51,52,53,54,55,56,57,58,59,60,61,62,63,64,65,66,67,68,69,70,71,72,73,74,75,76,77,78,79,80,81,82,83,84,85,86,87,88,89,90,91,92,93,94,95,96,97,98,99,100,101,102,103,104,105,106,107,108,109,110,111,112,113,114,115,116,117,118,119,120,121,122
Date,07/27/16,07/27/16,07/27/16,07/27/16,07/27/16,07/27/16,07/27/16,07/27/16,07/27/16,07/27/16,07/27/16,07/27/16,07/27/16,07/27/16,07/27/16,07/27/16,07/27/16,07/27/16,07/27/16,07/27/16,07/27/16,07/27/16,07/27/16,07/27/16,07/27/16,07/27/16,07/27/16,07/27/16,07/27/16,07/27/16,07/27/16,07/27/16,07/27/16,07/27/16,07/27/16,07/27/16,07/27/16,07/27/16,07/27/16,07/27/16,07/27/16,07/27/16,07/27/16,07/27/16,07/27/16,07/27/16,07/27/16,07/27/16,07/27/16,07/27/16,07/27/16,07/27/16,07/27/16,07/27/16,07/27/16,07/27/16,07/27/16,07/27/16,07/27/16,07/27/16,07/27/16,07/27/16,07/27/16,07/27/16,07/27/16,07/27/16,07/27/16,07/27/16,07/27/16,07/27/16,07/27/16,07/27/16,07/27/16,07/27/16,07/27/16,07/27/16,07/27/16,07/27/16,07/27/16,07/27/16,07/27/16,07/27/16,07/27/16,07/27/16,07/27/16,07/27/16,07/27/16,07/27/16,07/27/16,07/27/16,07/27/16,07/27/16,07/27/16,07/27/16,07/27/16,07/27/16,07/27/16,07/27/16,07/27/16,07/27/16,07/27/16,07/27/16,07/27/16,07/27/16,07/27/16,07/27/16,07/27/16,07/27/16,07/27/16,07/27/16,07/27/16,07/27/16,07/27/16,07/27/16,07/27/16,07/27/16,07/27/16,07/27/16,07/27/16,07/27/16,07/27/16,07/27/16
Start Time,10:55:47,10:57:51,10:59:51,11:01:51,11:10:07,11:12:10,11:14:10,11:16:10,11:18:10,11:20:10,11:22:10,11:24:10,11:26:10,11:28:10,11:30:10,11:32:10,11:34:10,11:36:10,11:38:10,11:40:10,11:42:10,11:44:10,11:46:10,11:48:10,11:50:10,11:52:10,11:54:10,11:56:10,11:58:11,12:00:11,12:02:11,12:04:11,12:06:11,12:08:11,12:10:11,12:12:11,12:14:11,12:16:11,12:18:11,12:20:11,12:22:11,12:24:11,12:26:11,12:28:11,12:30:11,12:32:11,12:34:11,12:36:11,12:38:11,12:40:11,12:42:11,12:44:11,12:46:11,12:48:11,12:50:11,12:52:11,12:54:11,12:56:11,12:58:11,13:00:11,13:02:11,13:04:11,13:06:11,13:08:11,13:10:11,13:12:11,13:14:11,13:16:11,13:18:11,13:20:11,13:22:11,13:24:11,13:26:11,13:28:11,13:30:11,13:32:11,13:34:11,13:36:11,13:38:11,13:40:11,13:42:11,13:44:11,13:46:11,13:48:11,13:50:11,13:52:11,13:54:11,13:56:11,13:58:11,14:00:11,14:07:49,14:15:23,14:17:27,14:19:27,14:21:27,14:23:27,14:32:14,14:34:18,14:36:18,14:38:18,14:40:18,14:42:18,14:44:18,14:46:18,14:48:18,14:50:18,14:52:18,14:54:18,14:56:18,14:58:18,15:00:18,15:02:18,15:04:18,15:06:18,15:08:18,15:10:18,15:12:18,15:14:18,15:16:18,15:18:18,15:20:18,15:22:18
Diameter Midpoint
6.61,0,0,0.00306833,0,0,0,0,0,0,0,0,0,0,0,0,0,0,0,0,0,0,0,0,0,0,0,0,0,0,0,0,0,0,0,0.00306833,0,0,0,0,0,0,0,0,0,0,0,0,0,0,0,0,0,0,0,0,0,0,0,0,0,0,0,0,0,0,0,0,0,0,0,0,0,0,0,0,0,0,0,0.00306833,0,0,0,0,0,0.00306833,0.00306833,0,0,0,0,0.0151466,12.4957,0.482158,0.0960498,0,0,0.0596316,0,0,0,0,0,0,0,0,0,0,0,0,0,0,0,0,0,0,0.0274199,0,0,0,0,0,0
6.85,0,0,0,0,0,0,0,0,0,0,0,0,0,0,0.00300495,0,0,0,0,0,0,0,0,0,0,0,0,0,0,0,0,0,0,0,0,0,0,0,0,0,0,0,0,0,0,0,0,0,0,0,0,0,0,0,0,0,0,0,0,0,0,0,0,0,0,0,0,0,0,0,0,0,0,0,0,0,0,0,0,0,0,0,0,0,0.00600991,0,0,0,0,0,0.0182208,11.9784,0.460925,0.0858191,0,0,0.0242307,0,0,0,0.00110725,0.00300495,0,0,0,0,0,0,0,0,0,0,0,0,0,0.0272356,0,0,0,0,0,0
7.10,0,0,0,0,0,0,0,0,0,0,0,0,0,0,0,0,0,0,0,0,0,0,0,0,0,0,0,0,0,0,0,0,0,0,0,0,0,0,0,0,0,0,0,0,0,0,0,0,0,0,0,0,0,0,0,0,0,0,0,0,0,0,0,0,0,0,0,0,0,0,0,0,0,0,0,0,0,0,0.00293746,0,0,0,0.00293746,0,0,0,0,0,0,0,0.0117499,11.9459,0.452124,0.0911361,0,0.00293746,0.0176248,0,0,0,0.00185509,0,0,0,0,0,0,0,0,0,0,0,0,0,0,0.0164379,0,0,0,0,0,0
7.37,0,0,0,0,0,0,0,0,0,0,0,0,0,0,0,0,0,0,0,0,0,0,0,0,0,0,0,0,0.00287682,0,0,0,0,0,0,0,0,0,0,0,0,0,0,0,0,0,0,0,0,0,0,0,0,0,0,0,0,0,0,0,0,0,0,0,0,0,0,0,0,0,0,0,0,0,0,0,0,0,0,0,0,0,0,0,0,0,0,0,0,0,0.0207844,11.4831,0.439438,0.0935118,0,0.00287682,0.00863045,0,0,0.00287682,0,0,0.000646718,0,0,0,0,0,0,0,0,0,0,0,0,0.0248237,0,0,0,0,0,0
7.64,0,0,0,0,0,0,0,0,0,0,0,0,0,0,0,0,0,0,0,0,0,0,0.00281965,0,0,0,0,0,0,0,0,0,0,0,0,0,0,0,0,0,0,0,0,0,0,0,0,0,0,0,0,0,0,0,0,0,0,0,0,0,0,0,0,0,0,0,0,0,0,0,0,0,0,0,0,0.00281965,0,0,0,0,0,0.00281965,0,0,0,0.00281965,0,0,0,0.00281965,0.00782508,11.3449,0.388457,0.101641,0.00281965,0.00281965,0.0140982,0,0.00281965,0.00281965,0.00281965,0,0.00218578,0,0,0,0,0,0,0,0,0,0,0,0,0.0106447,0,0,0,0,0,0
7.91,0,0,0,0,0,0,0,0,0,0,0,0,0,0,0,0,0,0,0,0,0,0,0.00592595,0,0,0,0,0,0,0,0,0,0,0,0,0,0,0,0,0,0,0,0,0,0,0,0,0.00276901,0,0,0,0,0,0,0,0,0,0,0,0,0,0,0,0,0,0,0,0,0,0,0,0,0,0,0,0,0.00276901,0,0,0,0,0,0,0,0,0,0,0,0,0,0.00850099,11.0888,0.356377,0.0758809,0.00276901,0,0.019577,0.00830703,0,0,0,0.00276901,0,0,0,0,0,0,0.00276901,0,0,0,0,0,0,0,0,0,0,0,0,0
8.20,0,0,0,0,0,0,0,0,0,0,0,0,0,0,0,0,0,0.00272426,0,0,0,0,0.0363638,0,0,0,0,0,0,0,0,0,0,0,0,0,0,0,0,0,0,0,0,0.00272426,0,0,0,0,0,0,0,0,0,0,0,0,0,0,0,0,0,0,0,0,0,0,0,0,0,0,0,0,0,0,0,0.00133008,0.00272426,0,0,0,0,0,0,0,0.00272426,0,0.00133008,0,0,0,0.0107062,11.1573,0.372255,0.0943309,0,0.00272426,0.00525769,0,0.00544852,0.00272426,0,0,0,0,0,0,0,0,0,0,0,0,0,0,0,0,0,0,0,0,0,0
8.51,0,0,0,0,0,0.00268768,0,0,0,0,0,0,0,0,0,0,0.00242781,0,0,0,0,0,0.0255646,0,0,0,0,0,0,0,0,0,0,0,0,0,0,0,0,0,0,0,0,0,0,0,0,0,0,0,0,0,0,0,0.00268768,0,0,0,0,0,0,0,0,0,0,0,0,0,0,0,0,0,0,0,0,0.00137546,0,0,0,0,0,0,0,0,0,0,0.00137546,0,0,0,0.0131785,10.4772,0.295137,3.13915,0,0.00780317,0.0188138,0,0,0,0,0,0,0,0,0,0,0,0,0,0,0,0,0,0,0,0,0,0,0,0,0
8.82,0,0,0,0,0,0,0,0,0,0,0,0,0,0,0,0,0.000256341,0,0,0,0,0,0.0212089,0,0,0,0,0,0,0,0,0,0,0,0,0,0,0,0,0,0,0,0,0,0,0,0,0,0,0,0,0,0,0,0,0,0,0,0,0,0,0,0,0,0,0,0,0,0,0,0,0,0,0,0,0,0,0,0,0,0,0,0.00265111,0,0.00265111,0.00265111,0,0,0.00265111,0,0.00820967,10.4978,0.308578,2.93204,0,0.000256341,0.00795333,0.00348658,0,0.00265111,0,0,0,0,0,0,0,0,0,0,0,0,0,0,0,0,0,0,0,0,0,0
9.14,0,0,0,0,0,0,0,0,0,0,0,0,0,0,0,0,0,0,0,0,0,0,0.00450727,0,0,0,0,0,0,0,0,0,0,0,0,0,0,0,0,0,0,0,0,0,0,0,0,0,0,0,0,0,0,0,0,0,0,0,0,0,0,0,0,0,0,0,0,0,0,0,0,0,0,0,0,0,0,0,0,0,0.00261503,0,0,0,0,0,0,0.00261503,0,0,0.0071223,10.7873,0.291944,0.591098,0,0.00261503,0.00523005,0.00440595,0,0,0,0.00261503,0,0.00189224,0,0,0,0,0,0,0,0,0,0,0,0,0,0,0,0,0,0
9.47,0,0,0,0,0,0,0,0,0,0,0,0,0,0,0,0,0,0,0,0,0,0,0.0113936,0,0,0,0,0,0,0,0,0,0.00258654,0,0,0,0,0,0,0,0,0,0,0,0,0,0,0,0,0,0,0,0,0,0,0,0,0,0,0,0,0,0,0,0,0,0,0,0,0,0,0,0,0,0,0,0,0,0,0,0,0,0,0.00258654,0,0.0055056,0.00258654,0,0,0,0.0110611,10.2534,0.299342,0.211942,0.00258654,0,0.0055056,0.00517308,0,0,0,0,0,0.000714912,0,0,0,0,0,0,0,0,0,0,0,0,0,0,0,0,0,0
9.82,0,0,0,0,0,0,0,0,0,0,0,0,0,0,0,0,0,0,0,0,0,0,0.0175633,0,0,0,0,0,0,0,0,0,0,0,0,0,0,0,0,0,0,0,0,0,0,0,0,0,0,0,0,0,0,0,0,0,0,0,0,0,0,0,0,0,0,0,0,0,0,0,0,0,0,0,0,0.00255599,0.00255599,0,0,0,0,0,0,0,0,0.00222739,0,0,0,0,0.0127799,10.1646,0.271689,0.128208,0.00511198,0.00255599,0.0112497,0.00135434,0,0,0.00255599,0,0,0,0,0,0.00255599,0,0,0,0,0,0,0,0,0,0,0,0,0,0,0
 10.2,0,0,0,0,0,0,0,0,0,0,0,0,0,0,0,0,0,0,0,0,0,0,0.0228166,0,0,0,0,0,0,0,0,0,0,0,0,0,0,0,0,0,0,0,0,0,0,0,0,0,0,0.00253518,0,0,0,0,0,0,0,0,0,0,0,0,0,0,0,0,0,0,0,0,0,0,0,0,0,0,0,0,0,0,0,0,0.00253518,0,0,0,0,0,0,0,0.00995661,10.0023,0.231765,0.0277355,0.00253518,0,0.00626222,0.00119187,0.00253518,0,0,0,0,0,0,0,0,0,0,0,0,0,0,0,0,0,0,0,0,0,0,0
 10.6,0,0,0,0,0,0,0,0,0,0,0,0,0,0,0.00251249,0,0,0,0,0,0,0,0.0183938,0,0.00251249,0,0,0,0,0,0,0,0,0,0,0,0,0,0,0,0,0.00502499,0,0,0,0,0,0,0,0,0,0,0,0,0,0,0,0,0,0,0,0,0,0,0,0,0,0,0,0,0,0,0,0,0,0,0,0,0,0,0,0,0,0,0,0,0,0,0,0,0.00269494,9.92519,0.243109,0.0226124,0.000806384,0,0.0108564,0,0.00251249,0,0,0,0,0,0,0,0,0,0,0,0,0,0,0,0,0,0,0,0,0,0,0
 10.9,0,0,0,0,0.00248838,0,0,0,0,0,0,0,0,0,0,0,0,0,0,0,0,0,0.00771364,0,0,0,0,0,0,0,0,0,0,0,0,0,0,0,0,0,0,0,0,0,0,0,0,0,0,0,0,0,0,0,0,0,0,0,0,0,0,0,0,0,0,0,0,0,0,0,0,0,0,0,0,0,0,0,0,0,0,0,0,0,0,0.00248838,0.00248838,0,0,0,0.00674452,9.95169,0.236538,0.00746514,0.00168973,0.00248838,0.0183878,0,0,0,0,0.00248838,0,0,0,0,0,0,0,0,0,0,0,0,0,0,0,0,0,0,0,0
 11.3,0,0,0,0,0,0,0.00247097,0,0,0,0,0,0,0,0,0,0,0,0,0,0,0,0.00143115,0,0,0,0,0,0,0,0,0,0,0,0,0,0,0,0,0,0,0,0,0,0,0,0,0,0,0,0,0,0,0,0,0,0,0,0.00247097,0,0,0,0,0,0,0,0,0,0,0,0,0,0,0,0,0,0,0,0,0,0.00247097,0,0,0,0,0.00247097,0,0,0.00247097,0,0.0105994,9.97664,0.205588,0.00988386,0.00247097,0,0.00342274,0,0,0,0,0,0,0,0,0,0,0,0.00247097,0,0,0,0,0,0,0,0,0,0,0,0,0
 11.8,0,0,0.00245478,0,0,0,0,0,0,0,0,0,0,0,0,0,0,0,0,0,0,0,0,0,0,0,0,0,0,0,0,0,0,0,0,0,0,0,0,0,0,0,0,0,0,0,0,0,0,0,0,0,0,0,0,0,0,0,0,0,0,0,0,0,0,0,0,0,0,0,0,0,0,0,0,0,0,0,0,0,0,0,0,0,0,0,0,0,0,0,0.00245478,9.63808,0.226183,0.00245478,0,0,0.0071297,0.00245478,0,0,0,0,0,0,0,0,0,0,0,0,0,0,0,0,0,0,0,0,0,0,0,0
 12.2,0,0,0,0,0,0,0,0,0,0,0,0,0,0,0,0,0,0,0,0,0,0,0,0,0,0,0,0,0,0,0,0,0,0,0,0,0,0,0,0,0,0,0,0,0,0,0,0,0,0,0,0,0,0,0,0,0,0,0,0,0,0,0,0,0,0,0,0,0,0,0,0,0,0,0,0,0,0,0,0.00243761,0,0,0,0,0,0,0,0,0,0,0.00731283,9.81015,0.200462,0.00487522,0,0,0.00487522,0,0,0,0,0,0,0,0,0,0,0,0,0,0,0,0,0,0,0,0,0,0,0,0,0
 12.6,0,0,0,0,0,0,0,0,0,0,0,0,0,0,0,0,0,0,0,0,0,0,0,0,0,0,0,0,0,0,0,0,0,0,0,0,0,0,0,0,0,0,0,0,0,0,0,0,0,0,0,0,0,0,0,0,0,0,0,0,0,0,0,0,0,0,0,0,0,0,0,0,0,0,0,0,0,0,0,0,0,0,0,0,0,0,0,0,0,0,0.0048535,9.47319,0.191271,0,0.00242675,0,0.00728025,0,0,0,0,0,0,0,0,0,0,0,0,0,0,0,0,0,0,0,0,0,0,0,0,0
 13.1,0,0,0,0,0,0,0,0,0,0.00241938,0,0,0,0,0,0,0,0,0,0,0,0,0,0,0,0,0,0,0,0,0,0,0,0,0,0,0,0,0,0,0,0,0,0,0,0,0,0,0,0,0,0,0,0,0,0,0,0,0,0,0,0,0,0,0,0,0,0,0,0,0,0,0,0,0,0,0,0,0,0,0,0,0,0,0,0,0,0.00241938,0,0,0,9.38395,0.174673,0,0,0,0.00483876,0,0,0.00241938,0,0.00241938,0,0,0,0,0,0,0,0,0,0,0,0,0,0,0,0,0,0,0,0
 13.6,0,0,0,0,0,0,0,0,0,0,0,0,0,0,0,0,0,0,0,0,0,0,0,0,0,0,0,0,0,0,0,0,0,0,0,0,0,0,0,0,0,0,0,0,0,0,0,0,0,0,0,0,0,0,0,0,0,0,0,0,0,0,0,0,0,0,0,0,0,0,0,0,0,0,0,0,0,0.00240679,0,0.00240679,0,0.00240679,0,0.00240679,0,0,0,0,0,0,0.011916,9.42194,0.19981,0.00240679,0,0,0.00228883,0.00240679,0,0,0,0,0,0,0,0,0,0,0,0,0.00240679,0,0,0,0,0,0,0,0,0,0,0
 14.1,0,0,0,0,0.00239057,0,0,0,0,0,0,0,0,0,0,0,0,0,0,0,0,0,0,0,0,0,0,0,0,0,0,0,0,0,0,0,0,0,0,0,0,0,0,0,0,0,0,0,0,0,0,0,0,0,0,0,0,0,0,0,0,0,0,0,0,0,0,0,0,0,0,0,0,0,0,0,0,0,0,0,0,0,0,0,0,0,0,0,0.00239057,0,0.00967945,9.43475,0.16562,0.00478114,0,0.00239057,0.00563121,0,0.00239057,0,0,0.00239057,0,0,0,0,0,0,0,0,0,0,0,0,0,0,0,0,0,0,0,0
 14.6,0,0,0,0,0,0,0,0,0,0,0,0.00156005,0,0,0,0,0,0,0,0,0,0,0,0,0,0,0,0,0,0,0,0,0,0,0,0,0,0,0,0,0,0,0,0,0,0,0.0023763,0,0,0,0,0,0,0,0,0,0,0,0,0,0,0,0,0,0,0,0,0,0,0,0,0,0,0,0,0,0,0,0,0,0,0,0,0,0,0,0,0,0,0,0.0023763,8.92879,0.138878,0,0,0,0.00640038,0.0023763,0,0,0,0,0,0,0,0,0,0,0,0,0,0,0,0,0,0,0,0,0,0,0,0
 15.1,0,0,0,0,0,0,0,0,0,0,0,0.000814139,0,0,0,0,0,0,0,0,0,0,0,0,0,0,0,0,0,0,0,0,0,0,0,0,0,0,0,0,0,0,0,0,0,0,0,0,0,0,0,0,0,0,0,0,0,0,0,0,0,0,0,0,0,0,0,0,0,0,0,0,0,0,0,0,0,0,0,0,0,0,0,0,0,0,0,0,0,0,0.00474033,8.91122,0.139183,0,0.00237016,0,0.00474033,0,0,0,0,0,0,0,0,0,0,0.00237016,0,0,0,0,0.00237016,0,0,0,0,0,0,0,0,0
 15.7,0,0,0,0,0,0,0,0,0,0,0,0,0,0,0,0,0,0,0,0,0,0,0,0,0,0,0,0,0,0,0,0,0,0,0,0,0,0,0,0,0,0,0,0,0,0,0,0,0,0,0,0,0,0,0,0,0,0,0,0,0,0,0,0,0,0,0.00236826,0,0,0,0,0,0,0,0,0,0,0,0,0,0,0,0,0,0,0,0,0.00236826,0,0,0.00473652,8.85186,0.161101,0,0,0,0.00870768,0,0,0,0,0,0,0,0,0,0,0,0,0,0,0,0,0,0,0,0,0,0,0,0,0
 16.3,0,0,0,0,0,0,0,0,0,0,0,0,0,0,0,0,0,0,0,0,0,0,0,0,0,0,0,0,0,0,0,0,0,0,0,0,0,0,0,0,0,0,0,0,0,0,0,0,0,0,0,0.00236601,0,0,0,0,0,0,0,0,0,0,0,0,0,0,0.00236601,0,0,0,0,0,0,0,0,0,0,0,0,0,0,0,0,0,0,0,0,0,0,0,0.00473202,8.74573,0.171934,0,0,0.00236601,0.00786267,0,0,0,0,0.00158498,0,0,0,0,0,0,0,0,0,0,0,0,0,0,0,0,0,0,0,0.00236601
 16.8,0,0.00236356,0,0,0,0.00236356,0,0,0,0,0,0,0,0,0,0,0,0,0,0,0,0,0,0,0,0,0,0,0,0,0,0,0,0,0,0,0,0,0,0,0,0,0,0,0,0,0,0,0,0,0,0,0,0,0,0,0,0,0,0,0,0,0,0,0,0,0,0,0,0,0,0,0,0,0,0,0,0,0.00236356,0.00236356,0.00235106,0,0,0,0,0,0,0,0,0,0.00236356,8.79134,0.140087,0,0,0,0.00709068,0,0,0,0,0.000780226,0,0,0,0,0,0,0,0,0.00472712,0,0,0,0,0,0,0,0,0,0,0
 17.5,0,0,0,0,0,0.000739023,0,0,0,0,0,0,0,0,0,0,0,0,0,0,0,0,0,0,0,0,0,0,0,0,0,0,0,0,0,0,0,0,0,0,0,0,0,0,0,0,0,0,0,0,0,0,0,0,0,0,0,0,0.00236423,0,0,0,0,0,0,0,0,0,0,0,0,0,0,0,0,0,0,0,0,0,1.25048e-005,0,0,0.00236423,0,0,0,0,0,0.00236423,0.00236423,8.72064,0.159662,0.00236423,0,0.00472846,0.0125602,0,0,0,0,0,0,0,0,0,0,0,0,0,0,0,0,0,0,0,0,0,0,0,0,0
 18.1,0,0,0,0,0,0.00309931,0,0,0.00236472,0,0,0,0,0,0,0,0,0,0,0,0,0.00236472,0,0,0.00236472,0,0,0,0,0,0,0,0,0,0,0,0,0,0.00236472,0,0,0,0,0,0.00236472,0,0,0,0.00236472,0,0,0,0.00236472,0,0,0,0,0,0,0,0,0,0,0,0,0,0,0,0,0.00236472,0,0,0,0,0,0,0,0,0,0,0,0,0.00147376,0,0,0,0,0,0,0,0.00236472,8.68603,0.159001,0,0,0,0.00309931,0,0,0.00236472,0,0.00236472,0,0,0,0,0,0,0,0,0,0,0,0,0,0,0,0.00236472,0,0,0.00236472,0
 18.8,0,0,0,0,0,0.000892249,0.00236814,0,0,0,0,0,0,0,0,0,0,0,0,0.00236814,0.00236814,0,0,0,0,0,0,0,0,0,0,0,0,0,0,0,0,0,0,0,0,0,0,0,0,0,0,0,0,0,0,0,0,0,0,0,0,0,0,0,0,0,0,0,0,0,0.00236814,0,0,0,0,0,0,0,0,0,0.00236814,0,0,0,0,0,0.000892249,0,0,0,0,0,0,0,0.00236814,8.34368,0.12052,0,0,0,0.00326038,0,0,0,0,0,0,0,0.00473627,0,0,0,0,0,0,0,0,0,0,0.00236814,0,0,0,0,0.00236814,0
 19.5,0.0023714,0,0,0.0023714,0,0,0,0,0,0,0,0,0,0,0,0,0,0,0,0,0.0023714,0,0,0,0,0,0,0,0.0023714,0,0,0,0,0,0,0,0,0,0,0,0,0,0,0,0,0,0,0,0,0.0023714,0.0023714,0,0,0,0,0,0,0,0.0023714,0,0.0023714,0,0,0.00052549,0,0,0,0,0,0,0,0,0,0,0,0,0,0,0,0,0,0,0.0023714,0,0,0,0,0,0,0,0.0023714,8.30381,0.14631,0.0023714,0,0.0023714,0.0047428,0,0,0,0.0023714,0,0,0,0,0,0.0023714,0,0,0.0023714,0,0,0,0,0,0,0,0,0,0.00052549,0,0
 20.2,0,0.00474924,0.00237462,0,0,0.00120792,0.00237462,0.00237462,0,0,0,0,0,0,0.00237462,0,0,0,0,0,0,0.00237462,0,0,0,0,0,0,0,0,0,0,0,0,0,0,0,0,0,0,0,0,0,0,0,0,0,0,0,0,0,0,0,0,0,0,0,0,0,0,0,0,0,0.00422304,0,0,0.00595716,0,0.00237462,0.00237462,0,0,0,0,0,0,0,0,0,0,0,0,0,0.00237462,0,0,0,0,0,0.00237462,0.00474924,7.98511,0.139444,0,0,0,0.00595716,0.00237462,0,0,0,0.00120792,0,0,0,0,0.00237462,0,0,0,0,0.00237462,0,0,0,0,0,0.00237462,0,0.00184842,0,0
 20.9,0,0.0023779,0.0047558,0.0023779,0,0.00354622,0.00187198,0,0,0.0023779,0,0,0,0,0,0,0,0,0,0.00187198,0.00187198,0,0,0.0023779,0,0.0023779,0,0,0,0,0.0023779,0,0,0,0,0,0,0,0,0,0,0,0.0023779,0,0,0,0,0,0.0023779,0.0023779,0,0,0,0,0,0,0,0,0,0,0,0,0,0.0047558,0,0,0.00116832,0,0,0,0,0,0,0,0,0,0,0,0,0,0,0,0,0,0,0,0,0,0,0,0.0023779,8.06384,0.103846,0,0,0,0.00116832,0,0.0023779,0,0,0.00116832,0,0,0.0023779,0,0,0.0023779,0,0.0023779,0,0,0,0,0,0,0,0,0,0,0,0
 21.7,0,0,0,0,0.00476787,0.00238393,0.000507207,0.00238393,0,0.00251964,0,0,0.00238393,0,0.00238393,0.00238393,0,0,0,0.000507207,0.000642912,0,0,0,0.00476787,0,0,0,0,0,0,0,0,0,0,0,0.00238393,0,0,0,0,0,0.00238393,0,0,0,0.00238393,0.0071518,0,0.00476787,0,0,0,0,0.000135705,0,0,0,0,0.00238393,0.00238393,0,0,0,0,0,0.00238393,0,0,0,0,0,0,0,0,0,0,0,0,0,0,0,0,0,0,0,0,0,0,0,0.0119197,8.0643,0.109022,0,0,0.00238393,0.00728751,0,0,0,0.00476787,0,0,0,0,0.00238393,0,0,0,0,0.00238393,0,0,0,0.00238393,0,0,0,0,0.00476787,0,0
 22.5,0.00239256,0,0.00239256,0,0,0,0,0.00239256,0,0.00225637,0,0.00478513,0,0.00239256,0,0,0,0,0,0,0.00301567,0,0,0.00478513,0.00478513,0,0.00478513,0,0.00478513,0,0.00239256,0,0.00239256,0,0,0,0,0,0,0,0,0,0.00239256,0,0,0,0.00239256,0.00239256,0,0,0,0.00239256,0,0,0.00464893,0.000759306,0,0,0,0.000759306,0,0.000759306,0.00239256,0.00239256,0,0,0.00478513,0,0,0,0,0,0,0,0,0,0.00315187,0,0,0,0,0,0,0.00239256,0,0.00239256,0,0,0,0,0.00478513,7.82718,0.120817,0,0,0,0.00943406,0,0,0,0,0.00239256,0,0.00478513,0,0,0,0,0,0,0,0,0,0.000759306,0.00239256,0,0,0.00239256,0,0,0,0
 23.3,0.00240118,0,0,0.00240118,0,0.00616662,0,0,0,0.00480237,0.00240118,0,0,0.00240118,0,0,0,0,0,0,0.00163914,0,0,0.00480237,0,0.00240118,0,0,0,0.00240118,0.00240118,0.00240118,0,0,0,0.00240118,0,0,0.00240118,0,0,0.00136426,0,0.00240118,0,0,0.00240118,0,0,0,0,0,0.00720355,0,0,0.00644151,0,0,0,0.00163914,0,0.00163914,0,0,0,0,0.00960474,0,0,0,0,0,0,0,0,0.00240118,0.00163914,0,0,0,0,0,0,0,0,0,0.00240118,0,0,0,0.00376544,7.92181,0.122903,0,0,0,0.00240118,0,0,0,0,0,0,0,0.00240118,0,0,0,0,0,0,0,0.00240118,0.00163914,0,0.00376544,0.00240118,0,0.00240118,0.00240118,0,0
 24.1,0,0,0.00480067,0.004342,0,0.0034369,0.00194167,0,0,0.00674234,0,0.00240033,0,0.00480067,0,0,0.00240033,0,0,0.00240033,0,0,0.00240033,0.00194167,0,0.00194167,0,0,0,0,0,0,0.00240033,0.00240033,0,0,0,0.00480067,0,0.00240033,0.00240033,0.00103656,0.00480067,0.00240033,0,0.00240033,0,0,0,0,0,0,0,0,0.00480067,0,0,0,0.00240033,0,0,0,0.00240033,0,0,0.00240033,0.0120017,0,0,0,0,0,0,0,0,0,0,0,0,0,0,0,0,0,0,0,0,0,0,0,0.00583723,7.92134,0.104018,0,0,0,0.00960134,0,0,0,0,0,0,0,0,0,0.00240033,0,0,0,0,0.00240033,0.00240033,0,0.00240033,0.00103656,0,0.004342,0.00240033,0,0,0
 25.0,0.00241639,0,0.012082,0.00529452,0.00241639,0.00241639,0.000461735,0.00241639,0,0.00287813,0.00241639,0,0.00241639,0,0.00241639,0,0,0,0,0.00483279,0.00492753,0.00724918,0.00483279,0.00287813,0.00483279,0.00529452,9.47413e-005,0.00251114,0.00483279,9.47413e-005,0.00241639,0.00251114,0,0.00976032,0,0,0,0,0,0.00241639,0,0,9.47413e-005,0.00251114,0.00483279,0.00241639,0,0,0,0,0.00241639,0.00241639,0,0,0,0.00241639,0,0.00241639,0,0.00483279,0.00241639,0,0,0,0.00483279,0,0.0121767,0,0,0,0,0,0,0,0,0,0,0,0,0,0,0,0,0,0,0,0,0,0,0,0.00241639,7.82841,0.132426,0.00241639,0,0,0.00483279,0,0.00241639,0,0,0,0,0,0,0.00241639,0,0,0.00483279,0.00241639,0,0,0,0,0.00483279,0.00241639,0,0.00287813,0,0,0,0
 25.9,0.00243458,0.00486917,0,0.00243458,0,0.00486917,0,0.00486917,0.00243458,0.00486917,0,0,0,0.00306416,0,0,0,0.00243458,0,0.00243458,0.00477371,0.00486917,0.00549874,0.00243458,0.000629574,0.00973833,0.00477371,0.00233913,0.00243458,0.00233913,0.00486917,0.00720829,0.00243458,0.00233913,0.00243458,0.00243458,0.00243458,0,0.00306416,0,0,0,0.00233913,0.00783787,0,0,0.00243458,0.00730375,0.000629574,0.00243458,0.00730375,0.000629574,0,0.00486917,0.000629574,0,0,0.00486917,0.00243458,0,0,0,0.00973833,0,0.00486917,0,0.0291195,0,0,0,0,0,0,0,0,0,0,0.00243458,0,0,0.00243458,0,0.00243458,0,0,0,0,0,0,0,0,7.21769,0.121858,0,0,0,0,0.00243458,0,0.00243458,0,0,0,0,0.00243458,0,0,0,0,0,0.00243458,0.00243458,0.00243458,0,0,0.00243458,0,0,0,0.00243458,0,0
 26.9,0,0,0,0.00245483,0,0.00245483,0,0,0.00490967,0.00245483,0.00245483,0,0,0.0127848,0,0,0,0,0,0,0.00850999,0.00245483,0.00427486,0.0122742,0.00672969,0.0073645,0.00490967,0.00245483,0.00490967,0,0.00360032,0.00490967,0.00245483,0.00490967,0.0073645,0,0.00114548,0.00245483,0.00427486,0.00490967,0.00490967,0.00245483,0.00360032,0.00182002,0,0.00114548,0,0,0.00672969,0.00245483,0.00245483,0.00296551,0.00114548,0.00245483,0.00427486,0.00245483,0,0,0,0.00360032,0.00490967,0.00360032,0.00981934,0.00245483,0.00245483,0,0.01702,0,0.00245483,0.00245483,0,0,0,0,0,0,0,0,0,0,0,0,0,0,0,0,0,0,0,0,0.00245483,7.33026,0.118992,0,0,0,0.00360032,0,0,0,0,0,0,0.00245483,0.00360032,0,0.00245483,0,0.00245483,0,0,0.00490967,0,0,0.00490967,0,0.00114548,0,0.00490967,0,0,0
 27.9,0.00491073,0.00245536,0.00245536,0.00491073,0,0,0.00245536,0,0,0.00408281,0,0.00491073,0.00162745,0.00376499,0,0,0,0,0,0.00736609,0.00622036,0,0.00245536,0.00982145,0.00491073,0.00653817,0.00245536,0,0,0.00245536,0.00130963,0.00245536,0.00408281,0.00245536,0.00245536,0.00408281,0.00784781,0.00736609,0.00491073,0,0.00162745,0.00653817,0.00867572,0.00982145,0.00245536,0.00376499,0.00245536,0.00736609,0,0.00736609,0.00245536,0.0119306,0.00622036,0.00245536,0.00491073,0,0.00491073,0.00245536,0.00491073,0.00130963,0.00736609,0.00376499,0.00245536,0.00245536,0.00245536,0.00245536,0.0353385,0,0.010621,0,0,0,0,0,0,0,0,0,0,0,0,0,0,0,0,0,0,0,0,0,0.00408281,7.35601,0.102761,0,0,0.00245536,0.00130963,0,0.00245536,0,0,0.00245536,0.00245536,0.00245536,0.00376499,0.00491073,0,0,0,0,0,0,0,0,0.00245536,0.00162745,0.00622036,0,0.00491073,0,0,0
 28.9,0.00247993,0.00495986,0,0,0,0,0.00247993,0,0,0.000836199,0,0,0.00579606,0.00743979,0.00495986,0,0.00247993,0,0,0.00247993,0.00953947,0.00991972,0.00743979,0.00247993,0.00953947,0.00999542,0.00743979,0,0.00209968,0.0120194,0.00705954,0.00247993,0.00579606,0.00247993,0.00247993,0.00579606,0.00751549,0.00247993,0.00247993,0.00457961,0.00331613,0.00579606,0.00495986,0.00247993,0,0.00247993,0.0123997,0.00247993,0.00991972,0.00247993,0.00953947,0.00663226,0.00743979,0.00953947,0,0.00457961,0.00743979,0.00705954,0.00247993,0.00495986,0.00247993,0.00209968,0.00495986,0.00247993,0.00247993,0.00247993,0.0190319,0,0.0016724,0,0,0,0,0,0,0,0.00247993,0,0,0,0.00247993,0,0,0,0,0,0,0,0,0,0.00331613,7.24239,0.128681,0.00247993,0,0,0.00991972,0,0,0,0,0,0,0.00247993,0,0.00495986,0,0,0,0.00495986,0.00247993,0.00247993,0.00209968,0.00209968,0,0.00827599,0,0,0,0.00247993,0,0
 30.0,0.00248567,0,0,0.00745702,0,0.00248567,0,0.00248567,0,4.39297e-005,0.00497135,0,0.0124284,4.39297e-005,0.00248567,0,0.00497135,0.00248567,0.00248567,0.0099427,0.00291073,0.00248567,0.00497135,0.00497135,0.00286681,0.00573361,0,0,0.00788208,0.00535248,0.0103678,0.00497135,0.00497135,0.00248567,0.0099427,0.0099427,0.00324794,0.00497135,0.00745702,0.000425061,0.00745702,0.00745702,0.00745702,0.00248567,0,0.0100306,0.0099427,0.00497135,0.00497135,4.39297e-005,0.00783815,0.0124284,0.00248567,0.00539641,4.39297e-005,0.00535248,0,0.00291073,0.00497135,0,0.00501528,0.00286681,0.00497135,0.00248567,0.00745702,0.00497135,0.0323577,0.00248567,0.00248567,0.00248567,0,0.00248567,0,0,0,0,0,0,0,0,0,4.39297e-005,0,0,0,0,0,0,0,0,0.0025296,6.97454,0.108379,0,0,0,0.00248567,0,0,0,0,0.0099427,0,0,0.00248567,0,0,0,0,0,0,0.00501528,0.000381131,0.00783815,0.00248567,0,0,0.00497135,0,0,0,0
 31.1,0.00251426,0.00502853,0,0.00251426,0,0,0.00251426,0.00251426,0,0.00246983,0.00251426,0.00251426,0.00754279,0.00749836,0.00251426,0,0.00251426,0,0,0.0125713,0.00498409,0.0100571,0.0100571,0.00502853,0.00798352,0.00251426,0.00754279,0.00251426,0.00498409,0.00502853,0.00749836,0.00546925,0.0150856,0.00754279,0.0100571,0.0100571,0.0100571,0.00546925,0.00754279,0.00498409,0.00502853,0.0125713,0.00590998,0.00502853,0.00754279,0.00745392,0.00502853,0.00502853,0.0109385,0.0129676,0.00754279,0.0125713,0.0125713,0.00246983,0.0100126,0.000440723,0.00754279,0.0125269,0.00798352,0.00251426,0.0100126,0.00798352,0.00251426,0.0100571,0.0104978,0.00251426,0.0225839,0.00251426,0.00546925,0,0,0,0,0,0,0,0,0,0,0,0,0.00246983,0,0,0,0,0.00251426,0,0,0,0.00291055,6.91679,0.109521,0,0.00251426,0,0.00502853,0.00251426,0,0,0,0,0,0.00502853,0,0.00295499,0.00754279,0.00502853,0.00251426,0.00251426,0,0.00793908,0,0.00251426,0.00251426,0.00251426,0,0.00502853,0.00251426,0,0,0
 32.2,0,0.00508934,0.00254467,0.00508934,0.00254467,0,0.00763401,0.00254467,0.00254467,0.00508934,0,0,0.00763401,0.021169,0.00763401,0,0.00254467,0.00254467,0,0.00081164,0.0127233,0.00763401,0.00254467,0.0127233,0.00799959,0.00508934,0.00763401,0,0.0101787,0.00508934,0.00254467,0.00973262,0.00081164,0.00508934,0.00763401,0.0101787,0.0109903,0.00545493,0.00763401,0.00508934,0.00254467,0.00508934,0.0143759,0.00844565,0.00763401,0.0101787,0.0101787,0.00254467,0.0143759,0.00464329,0.0101787,0,0.0203574,0.00254467,0.00254467,0.00973262,0.022902,0.00508934,0.0130889,0.00254467,0.00508934,0.00718795,0.00335631,0.00508934,0.00973262,0,0.0160797,0.00254467,0.0105443,0.00081164,0,0,0,0,0,0,0,0,0.00254467,0,0,0.00254467,0,0,0,0,0,0,0,0,0.00464329,7.00258,0.0846248,0.00254467,0,0,0.00254467,0,0.00508934,0,0,0,0,0,0.00763401,0.00718795,0.00335631,0,0,0.00254467,0,0.00718795,0.00590098,0,0.00254467,0,0.00254467,0.00254467,0,0.00254467,0,0
 33.4,0,0.0025572,0,0,0,0,0,0,0.0025572,0,0.0051144,0,0.00881748,0.0310167,0.00740615,0,0.0051144,0.0051144,0,0.00941317,0.0113747,0.0102288,0.00881748,0.0051144,0.0117049,0.0139319,0.0113747,0,0.00881748,0.0025572,0.00996335,0.012786,0.00941317,0.00370307,0.0025572,0.0102288,0.00941317,0.0170848,0.0113747,0.00881748,0.012786,0.0179004,0.0051144,0.00429877,0.0153432,0.0025572,0.0153432,0.00767161,0.00114587,0.0025572,0.00370307,0.00767161,0.00767161,0.0102288,0.0179004,0.00881748,0.00767161,0.0102288,0.00429877,0.012786,0.0051144,0.00881748,0.0119704,0.00626028,0.00626028,0.00484895,0.019642,0,0.00174156,0.00174156,0,0,0,0,0,0,0.00114587,0,0,0,0,0.0025572,0,0,0,0,0,0,0,0,0.0025572,6.96856,0.0978989,0,0,0,0.0025572,0,0,0,0,0.0025572,0,0.0025572,0,0.0025572,0.00941317,0,0.0025572,0.0051144,0,0.0025572,0.00174156,0.0025572,0.0051144,0.0025572,0.0025572,0,0.00626028,0.0025572,0,0
 34.6,0.00518277,0,0,0.00259138,0,0.00259138,0.00663939,0,0,0,0,0.00259138,0.0276659,0.0394881,0.0106345,0,0.0103655,0,0,0.00518277,0.0184351,0.00518277,0.0195699,0.0181397,0.00286039,0.0169785,0.00920435,0.00518277,0.00402158,0.0106874,0.0132259,0.00923078,0.00518277,0.00952621,0.0129569,0.0170049,0.0103655,0.0129569,0.00806959,0.00806959,0.00923078,0.00518277,0.0170049,0.0236443,0.00809601,0.0158702,0.00518277,0.0170049,0.00661296,0.0129569,0.0117957,0.00518277,0.0129569,0.00923078,0.0129569,0.0143871,0.00518277,0.00518277,0.00663939,0.00923078,0.00663939,0.00920435,0.0118222,0.00920435,0.0117957,0.0106345,0.037736,0.00259138,0.00777415,0,0,0,0,0,0,0,0.00402158,0,0,0,0,0,0,0,0,0,0,0.00259138,0,0,0.00259138,6.7128,0.0814882,0,0.00259138,0,0.00518277,0.00259138,0,0,0,0,0.00518277,0,0.00518277,0,0.00777415,0.00404801,0.00259138,0,0.00777415,0,0.00923078,0,0,0.00259138,0.00404801,0,0.00402158,0.00259138,0,0
 35.9,0.00521659,0.0026083,0,0,0.0026083,0,0.00114217,0,0,0,0,0.0026083,0.0587809,0.0338401,0.0130415,0,0.0121556,0,0,0,0.00896706,0.00521659,0.0156498,0.0173722,0.026083,0.00782489,0.00782489,0.0026083,0.00782489,0.0144399,0.0147639,0.0167919,0.0026083,0.0248731,0.0156498,0.0115754,0.00782489,0.00521659,0.0220085,0.0141837,0.0141837,0.0173722,0.0246168,0.0179341,0.0127175,0.0205424,0.00782489,0.00547284,0.0173722,0.0121556,0.025197,0.0147639,0.00521659,0.0167919,0.0104332,0.0121556,0.0112696,0.0156498,0.00896706,0.015906,0.00896706,0.0138779,0.0211226,0.00605306,0.00954727,0.00782489,0.0515363,0,0.0104332,0.00521659,0,0,0,0,0,0,0,0,0,0,0.00172238,0,0,0,0,0,0,0,0,0,0,6.81842,0.0955533,0,0,0,0.00521659,0,0,0,0,0.00605306,0.00521659,0.0026083,0.00521659,0.0026083,0.00782489,0.00114217,0.0026083,0,0,0,0.00635876,0.00344476,0.0026083,0.00782489,0.00114217,0.00782489,0,0.0026083,0,0
 37.2,0,0,0.00264615,0,0,0.00264615,0,0.00461008,0,0.00264615,0.00529231,0.00529231,0.0385444,0.0399089,0.0105846,0,0.0160935,0,0,0.00725623,0.0132308,0.0118663,0.0158769,0.00550885,0.00264615,0.0125485,0.00264615,0,0.0132308,0.00883724,0.00619108,0.0178408,0.0151947,0.0167757,0.00922015,0.0105846,0.0244148,0.00529231,0.0105846,0.00264615,0.0211692,0.00354493,0.0105846,0.00264615,0.0171586,0.0250971,0.0224509,0.0160935,0.0332521,0.0207035,0.00883724,0.00619108,0.0231332,0.00990238,0.0125485,0.0141295,0.00640763,0.00529231,0.0105846,0.0167757,0.0171586,0.00708986,0.00354493,0.0229668,0.0154112,0.00264615,0.0328692,0.00196392,0.006574,0,0,0,0,0,0,0,0.00264615,0,0,0,0.000898775,0,0,0,0,0,0,0,0,0,0.00264615,6.85694,0.0778538,0,0,0,0.00725623,0.00264615,0,0,0,0.00708986,0.00264615,0.00196392,0.00529231,0.00725623,0,0,0.00529231,0.00529231,0.00529231,0.0158769,0,0.0044437,0.00793846,0.00529231,0.00264615,0.00264615,0,0.00529231,0,0
 38.5,0.00266725,0.0053345,0,0,0,0,0,0.000687673,0.00266725,0.00215226,0.0053345,0.0053345,0.0474062,0.0401814,0.00800175,0,0.0209957,0,0,0.00868942,0.00800175,0.00404259,0.0053345,0.00868942,0.010669,0.0108417,0.010669,0.00266725,0.0053345,0.00800175,0.031492,0.00868942,0.0135089,0.00748676,0.0120443,0.020823,0.0180665,0.020823,0.0240052,0.0133362,0.0128213,0.0160035,0.020308,0.010154,0.00937709,0.0115294,0.0163489,0.0161762,0.0180665,0.00937709,0.0224603,0.0133362,0.0183284,0.0135089,0.0108417,0.0186707,0.00981171,0.0128213,0.0234903,0.0234903,0.0253806,0.0154885,0.00800175,0.00800175,0.0163489,0.0053345,0.0246929,0.00602217,0.00886211,0.00266725,0,0,0,0,0,0.00266725,0.00481951,0,0,0,0,0,0.00266725,0,0,0,0,0,0,0,0.00215226,6.49779,0.0738257,0,0,0,0.00335492,0,0,0,0,0.00800175,0,0.00550718,0.00266725,0.00868942,0.00215226,0.00481951,0.00800175,0.010154,0.0053345,0.0128213,0,0.00481951,0.00748676,0.00266725,0,0,0.010154,0.00266725,0,0
 40.0,0,0.00541746,0.00231292,0.00270873,0.00270873,0,0,0,0,0.000522995,0.00502165,0.00773038,0.066135,0.0693667,0.0239828,0.00270873,0.0165068,0.00541746,0,0,0.0131478,0.00541746,0.0135437,0.00270873,0.0104391,0.00825338,0.00541746,0.00462584,0.0135437,0.00733457,0.0167754,0.0108349,0.0190883,0.00825338,0.0162524,0.0155879,0.0162524,0.0190883,0.0108349,0.0266915,0.0194841,0.00812619,0.0145896,0.0190883,0.029796,0.0163796,0.0145896,0.0167754,0.0189611,0.0162524,0.0151126,0.0290044,0.0196113,0.0194841,0.021797,0.0158566,0.0147168,0.0140666,0.00864919,0.0140666,0.0185653,0.030319,0.021274,0.0266915,0.0141938,0.00773038,0.0189611,0.00231292,0.00554464,0.00541746,0,0,0,0,0,0,0.000522995,0,0,0,0,0,0,0,0,0,0.00270873,0,0,0,0.00323173,6.55485,0.0704127,0,0,0,0.00502165,0,0,0,0,0.00541746,0.00541746,0.000522995,0.00773038,0,0.00283591,0.000522995,0.00812619,0.00594046,0,0.00864919,0.00270873,0.00864919,0.00323173,0.00270873,0,0,0.00594046,0.00541746,0,0
 41.4,0.00273388,0,0.000399485,0,0,0.00546775,0,0.00514601,0,0,0.00313336,0.00860111,0.0631901,0.060778,0.0277382,0,0.0168805,0.0106138,0,0.00273388,0.0110132,0.0136694,0.00787988,0.0109355,0.011335,0.00586724,0.0136694,0.0090006,0.0106138,0.0141466,0.0160815,0.0109355,0.021627,0.0250044,0.0266953,0.0282155,0.0160815,0.0168027,0.0109355,0.0243609,0.0294291,0.0236397,0.0291074,0.0222705,0.0297509,0.0110132,0.0246049,0.00820163,0.0109355,0.00820163,0.0242831,0.0168805,0.00554549,0.0215493,0.0106915,0.0168027,0.0301504,0.0109355,0.0246049,0.021871,0.0161593,0.0109355,0.0192149,0.0140689,0.0304721,0.0195366,0.0215493,0.00313336,0.000399485,0.00546775,0,0,0,0,0,0,0.00820163,0,0,0,0,0,0,0,0,0,0,0,0,0,0.00273388,6.70187,0.0744474,0,0,0,0.00586724,0,0,0.00241213,0,0.00273388,0.00546775,0.00241213,0.00586724,0.00273388,0.00586724,0.00787988,0.0109355,0.00820163,0.00273388,0.00514601,0.00273388,0.00273388,0.0106138,0.00273388,0.00820163,0.00273388,0.00514601,0.00273388,0,0
 42.9,0.00277897,0,0.00247739,0,0,0,0,0.000327052,0.00525637,0,0,0.00277897,0.0837726,0.0754103,0.0358251,0,0.0170009,0.00310602,0,0.0111159,0.005885,0.0135933,0.005885,0.00247739,0.00833692,0.0138949,0.00555795,0,0.0197799,0.0139203,0.0225588,0.0166738,0.0198053,0.0138949,0.0253633,0.0170009,0.0302926,0.00833692,0.0166738,0.0201069,0.00899102,0.012097,0.0201324,0.0222318,0.0302926,0.0333731,0.0219302,0.0129901,0.0194528,0.0299655,0.0111414,0.0389311,0.0222573,0.0197799,0.0114684,0.00773376,0.0253378,0.0160707,0.0166738,0.0135933,0.01177,0.0247092,0.0222573,0.0247092,0.0432572,0.00833692,0.0222573,0,0.00277897,0.00555795,0,0,0,0,0,0,0.00277897,0,0,0,0,0,0,0.00277897,0,0,0,0,0,0,0.00833692,6.47465,0.0775861,0,0,0,0.00277897,0.00525637,0,0.000327052,0,0.0138949,0.00555795,0.00836239,0,0.00555795,0,0.0170009,0.00833692,0.00555795,0.00555795,0.00310602,0.00833692,0.00277897,0.00558342,0.0111159,0,0.00803534,0.00310602,0.00803534,0,0
 44.5,0,0.00280809,0.00592092,0.00280809,0,0,0,0.00561618,0.00311283,0,0,0,0.0760621,0.0853132,0.0140099,0,0.0470669,0,0.00280809,0.00842427,0.00280809,0.00592092,0.0137052,0.00311283,0.0168485,0.0168485,0.0140405,0.00280809,0.0137052,0.0112018,0.0221294,0.0249375,0.0255776,0.0140405,0.0255776,0.0140405,0.0118418,0.00528088,0.0193213,0.00561618,0.0221294,0.0252728,0.0192908,0.0336971,0.0276845,0.0199614,0.0199614,0.026187,0.0105618,0.0224036,0.0199614,0.0283857,0.0255776,0.0249375,0.0305231,0.0115065,0.0224647,0.0227389,0.0305537,0.0143452,0.0196566,0.0280504,0.027715,0.0196261,0.0149241,0.00280809,0.0283857,0.00561618,0.00280809,0.00528088,0,0,0,0,0,0,0.00528088,0,0,0,0,0,0,0,0,0,0,0,0,0,0.00280809,6.59369,0.100298,0.00280809,0,0,0.0112324,0.00030474,0,0,0,0.00280809,0.00280809,0.0140099,0.0112324,0.00842427,0,0.0112324,0.00247279,0.0108971,0.0112324,0.00247279,0.00528088,0.00842427,0.00872901,0.00842427,0.00561618,0.00872901,0,0.00872901,0.00280809,0
 46.1,0.00285683,0,0.00285683,0,0.00285683,0,0.00285683,0,0.00285683,0,0.00528186,0,0.124656,0.07537,0.0414664,0,0.0349642,0,0,0.017141,0.00285683,0.00857049,0.0113366,0.017141,0.0114273,0.0134206,0.00571366,0.0114273,0.0109049,0.0146253,0.00319795,0.0203389,0.00285683,0.021991,0.0138524,0.0305615,0.0257115,0.0194753,0.00891161,0.034282,0.0141935,0.0252797,0.0231051,0.0224228,0.0291599,0.0109955,0.0167092,0.00857049,0.0345324,0.0259619,0.0257115,0.036707,0.0199978,0.0113366,0.0231051,0.0170503,0.0354116,0.0346231,0.0260526,0.0199978,0.021991,0.0256208,0.0231051,0.0203389,0.0203389,0.00571366,0.0228546,0,0.00285683,0.00319795,0,0,0,0,0,0,0.00605478,0,0,0,0,0,0,0,0,0,0,0.00285683,0,0.00285683,0.0114273,6.22346,0.105159,0,0,0,0,0,0,0,0.00285683,0.0114273,0.0109955,0.00319795,0.00857049,0.00571366,0.00813869,0.00285683,0.00891161,0.0146253,0.00813869,0.00319795,0.00847982,0.00857049,0.00571366,0.00857049,0,0.00571366,0.00857049,0.00285683,0,0
 47.8,0,0,0.00288989,0,0.00577978,0,0,0,0,0,0.00332668,0.00288989,0.143286,0.165377,0.0456206,0,0.0369773,0.00518858,0,0.0138582,0.00866966,0.0115596,0.00332668,0.00866966,0.00577978,0.015323,0.0115596,0.00866966,0.015323,0.0202292,0.0144494,0.0115596,0.0225279,0.041332,0.0460838,0.0234015,0.0283077,0.0199204,0.0288989,0.0161569,0.0119963,0.0264458,0.0177761,0.0148862,0.0200748,0.0264458,0.020666,0.0173393,0.00910645,0.0235559,0.026009,0.0235559,0.026009,0.0264458,0.020666,0.0264458,0.0156054,0.0202292,0.0202292,0.026009,0.0326623,0.0171849,0.0177761,0.0202292,0.0254178,0.0167481,0.0144494,0,0,0.00577978,0,0,0,0,0,0,0.00288989,0,0,0,0,0,0,0,0,0,0,0,0,0,0,6.2898,0.062126,0,0,0,0,0.00288989,0,0,0,0.0115596,0.00910645,0.0202292,0.0126759,0.00866966,0.0148862,0.00577978,0.0115596,0.00577978,0.00332668,0.0138582,0.00621657,0.0144494,0.00577978,0.00577978,0.00577978,0.0115596,0.00288989,0.0115596,0,0
 49.6,0.00294232,0,0,0,0,0.00294232,0.00294232,0.00294232,0,0,0.00294232,0,0.133404,0.173547,0.0251208,0,0.0527383,0.000601919,0,0.00648657,0.00800151,0.00588465,0.0117693,0.00882697,0.00294232,0.00882697,0.0147116,0.00588465,0,0.0138862,0.0147116,0.0138862,0.0300252,0.0147116,0.0291997,0.0115458,0.0359098,0.0121477,0.0147116,0.0260338,0.0218877,0.0197708,0.0176539,0.0227131,0.0153135,0.0277723,0.0197708,0.0264809,0.0235386,0.0285978,0.0315401,0.0353079,0.0303551,0.0365993,0.0294232,0.0227131,0.0300252,0.0315401,0.0256555,0.0285978,0.0130607,0.0372012,0.0227131,0.0117693,0.0203727,0.0233151,0.0138862,0,0,0.00588465,0,0,0,0,0,0,0.00882697,0,0,0,0,0,0,0,0,0,0,0,0,0,0,6.23899,0.0798211,0,0,0,0,0,0,0,0,0.0147116,0.0109438,0.00882697,0.00769041,0.00588465,0.00588465,0.00211686,0.00211686,0.00882697,0.00588465,0.00271878,0.00294232,0.0147116,0.0109438,0.0117693,0.00800151,0.0138862,0.0147116,0.00882697,0,0
 51.4,0.00299665,0.00299665,0,0,0,0,0.00898994,0,0.00185804,0.00299665,0.00299665,0.0179799,0.181728,0.142594,0.0614931,0.00299665,0.070483,0.00898994,0.00299665,0.0258312,0.0116887,0.0119866,0.00299665,0.00671272,0.0059933,0.0059933,0.00299665,0.00185804,0.00898994,0.0356619,0.0258312,0.0206786,0.0119866,0.0265506,0.017682,0.0266719,0.0179799,0.00983065,0.0149832,0.0286512,0.0233774,0.0146853,0.0198379,0.01954,0.0145641,0.0233774,0.0248139,0.0179799,0.0149832,0.0135467,0.0356619,0.0239732,0.0200275,0.0215193,0.0157027,0.0225367,0.0239732,0.0116887,0.0158239,0.0368005,0.0293707,0.0226579,0.0308072,0.0119866,0.0116887,0.00383735,0.0158239,0,0,0.00299665,0,0,0,0,0,0,0,0,0,0,0,0,0,0,0,0,0,0,0,0,0.0059933,6.50762,0.0817502,0,0,0,0,0.00299665,0,0,0,0.0059933,0.0146853,0.00898994,0.0168413,0,0.0059933,0.0128273,0.00569539,0.0149832,0.0059933,0.00983065,0.00898994,0.00785133,0.0158239,0.00299665,0.000840707,0.00569539,0.0179799,0.0059933,0,0
 53.3,0.0122116,0.00305289,0.00305289,0,0.00610578,0,0,0,0.00115998,0.00305289,0.00305289,0.0213702,0.181643,0.159158,0.04653,0,0.0648701,0.0106738,0,0.0255831,0.0103187,0.00762086,0.00305289,0.00231996,0,0,0.00610578,0.00421287,0.00151508,0.0255831,0.0133715,0.0194546,0.00915868,0.032471,0.0270982,0.0225302,0.0412027,0.0106738,0.0305289,0.0228853,0.00994082,0.0316889,0.0164244,0.0328489,0.0309332,0.0297732,0.0305289,0.0228853,0.0122116,0.0267431,0.0133715,0.0305289,0.0305062,0.0194773,0.0114786,0.0359018,0.0244004,0.0148866,0.0228853,0.0335591,0.0160466,0.0213702,0.0198324,0.0259382,0.0194773,0.0152645,0.00151508,0.00305289,0,0.00762086,0,0,0,0,0,0,0.00915868,0,0,0,0,0,0,0,0,0,0,0,0,0,0,6.4018,0.0946169,0,0,0,0.00610578,0,0,0,0,0.0121888,0.0194773,0.0137266,0.0164244,0.0122116,0.00610578,0.00915868,0.00115998,0.00610578,0.0122116,0.0213702,0.0122116,0.0164244,0.0122116,0.0122116,0.00610578,0.0194773,0.0137266,0.0167795,0,0
 55.2,0.00311109,0.00622219,0.00311109,0,0,0.00622219,0.00311109,0.00311109,0,0.00311109,0,0.00933328,0.201182,0.21237,0.0493601,0.00419133,0.0784171,0.0119807,0.00108024,0.0104135,0.00419133,0.00778932,0.0124444,0.00622219,0.00311109,0.00730243,0.00622219,0.00311109,0.0171226,0.0124444,0.0114938,0.0259922,0.0354319,0.0119807,0.024425,0.0248888,0.0192831,0.0326781,0.0197468,0.00778932,0.0306472,0.0279999,0.0197468,0.0217777,0.0249119,0.0186897,0.0186666,0.0182028,0.0270492,0.0104135,0.0239381,0.00730243,0.014628,0.0228579,0.0186666,0.0290801,0.00935646,0.0171226,0.0150918,0.0364057,0.0150918,0.0114938,0.024425,0.0130609,0.0197468,0.0248888,0.00575847,0.00622219,0.00622219,0.00156713,0,0,0,0,0,0,0.00311109,0,0,0,0,0,0,0,0,0,0,0,0.00108024,0,0,6.24403,0.059134,0,0,0,0.00311109,0,0,0,0,0.01977,0.0124444,0.0171226,0.0124444,0.00933328,0.00622219,0.00730243,0.0124444,0.0155555,0.00622219,0.0155555,0.00730243,0.0155555,0.00946291,0.0228579,0.00730243,0.00933328,0.00778932,0.00467823,0.00311109,0
 57.3,0.00371647,0.00634259,0.00634259,0.00634259,0,0.0031713,0.00634259,0.0031713,0.0031713,0,0,0.0116946,0.241812,0.20608,0.0475587,0.0147553,0.0749992,0.00524145,0.00207015,0.019017,0.00841275,0.0031713,0.00634259,0,0.000545171,0.0179266,0.0031713,0.00634259,0.00951389,0.0158565,0.00731161,0.0121292,0.0209658,0.0210979,0.0153005,0.0190278,0.0263394,0.0126852,0.0121292,0.00634259,0.0210979,0.0164017,0.0253596,0.0386007,0.0227442,0.0322581,0.00797811,0.0285309,0.0295107,0.0401257,0.0210871,0.0242692,0.020542,0.0179266,0.0126852,0.0153005,0.0126852,0.0190278,0.0216431,0.0173707,0.00524145,0.0199968,0.0221883,0.0173707,0.00207015,0.00634259,0.00841275,0.0031713,0.0031713,0.0031713,0,0,0,0,0,0,0.00371647,0,0,0,0,0,0,0,0,0,0,0,0.00207015,0,0.0031713,5.97659,0.0603544,0,0,0,0.0031713,0.0031713,0,0,0,0.011584,0.0164017,0.019573,0.019573,0.0132304,0.00951389,0.00207015,0.00371647,0.0190278,0.0126852,0.0158565,0.0179266,0.00634259,0.0231573,0.0221883,0.0179266,0.00634259,0.00951389,0.000545171,0,0
 59.4,0.00267767,0,0,0,0.00636794,0.00646708,0,0,0.00323354,0.0031344,0,0.0203122,0.301748,0.22313,0.0697287,0.0129342,0.0760967,0.0129342,0,0.0246574,0.00646708,0.00646708,0.00646708,0.012835,0.00591121,0,0.00636794,0.00323354,0.00646708,0.012835,0.0129342,0.0122792,0.0129342,0.00323354,0.0186471,0.00646708,0.0194012,0.0161677,0.00914475,0.00646708,0.00636794,0.0283477,0.015056,0.0252133,0.0220789,0.0284468,0.0177336,0.00858888,0.00636794,0.0129342,0.0213248,0.019203,0.0122792,0.0160686,0.0257692,0.0154136,0.0194012,0.0226348,0.0156118,0.0219798,0.0129342,0.0226348,0.0149568,0.00591121,0.00646708,0.0129342,0.00646708,0.00323354,0,0.00323354,0,0,0,0,0,0,0.00591121,0,0,0,0,0,0,0,0,0,0,0,0,0,0,5.96966,0.0902392,0,0,0,0.00323354,0,0,0,0,0.00970062,0.00914475,0.00914475,0.0188454,0.0123783,0.00636794,0.00950234,0.00591121,0.00646708,0.00323354,0.00323354,0.00323354,0,0.0147585,0.0182895,0.0129342,0.0161677,0.019203,0.0123783,0,0
 61.5,0.00659574,0.00573335,0.00989361,0,0.00999472,0,0.00329787,0.00989361,0.00989361,0.00339898,0,0.0247593,0.249469,0.261138,0.0891941,0.0131915,0.118824,0.00659574,0,0.0198883,0.015627,0.00903122,0.00659574,0.00253659,0.00329787,0.00329787,0.00339898,0.0114667,0.00573335,0.0198883,0.0131915,0.0132926,0.0123291,0.00989361,0.0199894,0.0312539,0.0164893,0.00989361,0.0164893,0.0131915,0.0165905,0.00679796,0.0164893,0.00999472,0.0230851,0.0190259,0.0123291,0.0189248,0.0132926,0.00659574,0.00679796,0.00679796,0.0165905,0.0148657,0.0231862,0.0133937,0.0123291,0.00329787,0.00659574,0.00583446,0.0164893,0.0321163,0.00999472,0.0286667,0.0329787,0.0213603,0,0.00329787,0,0.00573335,0,0,0,0,0,0,0.00659574,0,0.00329787,0,0,0,0,0,0,0,0,0,0,0,0.00659574,6.15621,0.0939639,0,0,0,0,0,0.00243548,0,0,0.00989361,0.0180624,0.0230851,0.00989361,0.0164893,0.0132926,0.00350009,0.00243548,0.00659574,0.00989361,0.00329787,0.00329787,0.00989361,0.00689907,0.0246582,0.0296808,0.0180624,0.0100958,0.0123291,0,0
 63.8,0.00497364,0.0042441,0.00497364,0.010093,0.00336433,0.00336433,0.0117023,0.00336433,0.00833797,0,0.010093,0.0267734,0.309113,0.268873,0.0874816,0.00833797,0.0876364,0.00336433,0.010093,0.0386169,0.00760843,0.0125821,0.0166759,0.0193107,0.00336433,0.010093,0.00833797,0.0084882,0.0143371,0.00672866,0.0134573,0.020186,0.0109728,0.0134573,0.018431,0.0152169,0.00672866,0.00336433,0.00672866,0.0168216,0.0134573,0.0134573,0.00833797,0.00833797,0.00658294,0.0159464,0.0141914,0.0109728,0.00672866,0.0168216,0,0.00833797,0.0269146,0.0219455,0.020186,0.0150666,0.0210657,0.0117023,0.018431,0.0345231,0.010093,0.0210657,0.00336433,0.0178562,0.010093,0.00512387,0.00336433,0.00336433,0.00336433,0.00760843,0,0,0,0,0,0,0.00336433,0,0,0,0,0,0,0,0,0,0,0,0,0,0,6.05161,0.102553,0,0,0,0,0,0.000879769,0,0,0.0235503,0.0235548,0.0217953,0.0117023,0.0134573,0.00336433,0.0117023,0.0159464,0.00336433,0.0168216,0.0134573,0.018431,0.0386169,0.020186,0.0286742,0.00672866,0.0100975,0.0251596,0.0109728,0,0
 66.1,0.0052238,0.00686595,0.0168122,0.00343297,0,0.00751066,0.0052238,0.00686595,0.00865678,0,0.00343297,0.0328363,0.281834,0.228896,0.0741753,0.0223887,0.131037,0.00751066,0,0.0346217,0.0274638,0.00865678,0.0241795,0.0127345,0.0137319,0.00343297,0.0155227,0.0102989,0.00686595,0.00686595,0.00343297,0.0102989,0.0102989,0.00343297,0.0052238,0,0.00407769,0,0.0102989,0.0205978,0.0171649,0.00343297,0.00930149,0.0189557,0.00701464,0.0052238,0.0173136,0.0102989,0.0109436,0.0212426,0.0143766,0.00865678,0.00686595,0.0109436,0.00751066,0.00865678,0.0102989,0.00865678,0.0189557,0.0240308,0.00686595,0.0102989,0.00343297,0.0171649,0.00343297,0.0102989,0,0,0,0,0,0,0,0,0,0,0.0205978,0,0,0,0,0,0,0,0,0,0,0,0,0,0.000644715,5.9242,0.103931,0,0,0,0.0109436,0,0,0,0,0.0122331,0.0052238,0.0127345,0.0236781,0.0143766,0.00686595,0.00651323,0.0155227,0.00343297,0.0178096,0.0171649,0.0196004,0.0258216,0.0137319,0.0281085,0.00686595,0.0230334,0.0264664,0.0102989,0,0
 68.5,0,0.00352182,0.00924265,0.00352182,0.00352182,0.00990405,0.0105654,0,0.0100928,0.00704363,0,0.0246527,0.259719,0.231829,0.096154,0.0140873,0.121399,0.0204695,0,0.0292395,0.0136146,0.0105654,0.00704363,0.0195241,0.00657094,0,0.00704363,0.0136146,0.00304912,0,0.00704363,0.0105654,0.00704363,0,0.0140873,0.00352182,0.0134259,0.0105654,0,0,0.0176091,0.00704363,0.0204695,0.0140873,0.0176091,0.0140873,0.00962006,0.00352182,0.0134259,0.016475,0.0134259,0.00352182,0.0105654,0.00990405,0.0199968,0,0.00704363,0.00657094,0.00704363,0.00352182,0,0.00704363,0.00352182,0.00704363,0.0136146,0,0,0.00352182,0.00352182,0.0105654,0.00352182,0,0,0,0,0,0.00704363,0,0,0,0,0,0,0,0,0,0,0,0,0,0.00638223,6.00189,0.055215,0,0,0,0.00990405,0.0105654,0.00704363,0.00704363,0.0206582,0.0191467,0.0211309,0.016475,0.0233299,0.0134259,0.0131419,0.0233299,0.0246527,0.00304912,0.0169477,0,0.00943136,0.00704363,0.0176091,0.0275131,0.0136146,0.0199968,0.00990405,0.0201855,0,0
 71.0,0,0.0107852,0.00727049,0.00902786,0.00719015,0.0143803,0.00543278,0,0.0040776,0.00359508,0.0107852,0.0270836,0.305685,0.257904,0.0724644,0.0198934,0.122083,0.00719015,0,0.0202956,0.0148628,0.0126229,0.0126229,0.0261306,0.0040776,0.0179754,0.00719015,0.00591531,0.000482526,0,0.00359508,0.00719015,0.0107852,0.00719015,0.00719015,0,0.0107852,0.016218,0.00719015,0.016218,0.00359508,0.0107852,0.0107852,0.00719015,0.0107852,0.0143803,0.00280276,0.00543278,0.00719015,0.00232023,0.00719015,0.0107852,0,0.00359508,0.000482526,0.00543278,0.00359508,0.0040776,0.00719015,0.00359508,0.00359508,0.00359508,0.00719015,0.00359508,0.00767268,0.0107852,0,0.00183771,0,0.0179754,0,0,0,0,0,0,0.00902786,0,0,0,0,0,0,0,0,0,0,0,0,0,0,6.08655,0.0832496,0,0,0,0.00727049,0.0341934,0.0485737,0.0289213,0.0293235,0.00719015,0.0305983,0.0040776,0.00719015,0.016218,0.0081552,0.0107852,0.0179754,0.0112678,0.0143803,0.00359508,0.00767268,0.00719015,0.00719015,0.0359508,0.0274858,0.000482526,0.0107852,0.0297257,0,0
 73.7,0.0110671,0.0152093,0.0183628,0.00918138,0.00737808,0.00368904,0.00963455,0.0110671,0.00737808,0,0.00368904,0.0243083,0.323789,0.234818,0.110589,0.0238551,0.141305,0.0147562,0.00737808,0.0469781,0.0115203,0.00963455,0.0128704,0.00783125,0.0147562,0.00368904,0.00459539,0.0276266,0.00414221,0.0110671,0.00368904,0.0110671,0.00414221,0.00368904,0.0110671,0.00737808,0,0.00549234,0,0.00549234,0.00368904,0,0.00414221,0.00368904,0,0.00368904,0.00549234,0.0128704,0,0.0133236,0.00737808,0,0.00368904,0.00368904,0.00368904,0.0018033,0.00414221,0.00368904,0.00368904,0,0,0.000453175,0,0,0.0110671,0.0110671,0.00368904,0.0018033,0,0.00414221,0,0,0,0,0,0,0.0239375,0,0,0,0,0,0,0,0,0,0,0,0,0,0,6.04649,0.0953158,0,0,0,0.0450924,0.0313156,0.0350046,0.0298006,0.0483282,0.0258233,0.0239375,0.0221342,0.00737808,0.0133236,0.0110671,0.0188984,0.0225874,0.00737808,0.0110671,0.0147562,0,0.00737808,0.0156625,0.0857542,0.0137768,0.0221342,0.0152093,0.0332013,0,0
 76.4,0.00757164,0.018464,0.00378582,0.0113575,0.0151433,0.0113575,0.012404,0.00757164,0.0151433,0.00794617,0,0.0513993,0.327234,0.270228,0.0935084,0.0405069,0.146278,0.00757164,0,0.0444997,0.0108924,0.0222499,0.0140062,0.0222499,0.0140062,0.0189291,0.017999,0.00757164,0.0146782,0.00378582,0.00757164,0.0113575,0.00332076,0,0.00378582,0,0,0,0,0,0.00378582,0,0.0097553,0,0.00643454,0.0113575,0,0.00264872,0.0113575,0.00710658,0.00643454,0.00643454,0.00378582,0.00757164,0.00378582,0.00378582,0.00332076,0.00378582,0.00757164,0,0,0.0222499,0.00378582,0.00908326,0,0.00264872,0,0.00757164,0.00378582,0.0146782,0.00378582,0,0,0,0,0,0.0113575,0,0,0,0,0.00378582,0,0,0.00378582,0,0,0,0,0,0,6.14399,0.113342,0.00378582,0,0,0.0293564,0.0242265,0.0253636,0.0260357,0.0286844,0.0253636,0.0227149,0.0230894,0.0227149,0.0146782,0.00908326,0.0286844,0.0135411,0.0189291,0.0227149,0.0230894,0,0.0151433,0.0206477,0.0812208,0.0293564,0.0291495,0.0135411,0.017792,0,0
 79.1,0.00777101,0.0194275,0,0.0087051,0.00777101,0.0038855,0.00621958,0.00777101,0.0038855,0.0122062,0,0.0370707,0.367522,0.268351,0.0933359,0.0176431,0.161106,0.0116565,0.0038855,0.0659044,0.0271985,0.0135247,0.00893805,0.015542,0.00598664,0.015542,0.00777101,0.0116565,0.00777101,0,0,0.000934095,0,0.0038855,0,0,0.0087051,0,0.0038855,0.00777101,0.0116565,0.0038855,0.00505254,0,0.00505254,0.0048196,0,0.00505254,0,0,0.00505254,0.00116704,0.000934095,0,0.00777101,0.0038855,0,0.00777101,0,0,0.0038855,0.0038855,0,0.00233408,0,0.00505254,0,0.0038855,0,0.000934095,0,0,0,0,0,0,0.00777101,0,0,0,0,0,0,0,0,0,0,0,0,0,0.00777101,6.1661,0.109428,0,0,0,0.00777101,0.0139906,0.0167091,0.0164761,0.00598664,0.0128235,0.0194275,0.0229286,0.0048196,0.0251812,0.0256471,0.00987214,0.0176431,0.031084,0.0194275,0.0190431,0.00777101,0.0087051,0.00987214,0.130323,0.0271985,0.00893805,0.0167091,0.0341193,0.0038855,0
 82.0,0.00797636,0.0178985,0.0119645,0.0110058,0,0.0149315,0,0.0239291,0.00797636,0.0169398,0.00797636,0.0379018,0.385077,0.244476,0.105729,0.0328925,0.147619,0.00797636,0.002967,0.0509782,0.0119645,0.0140352,0.0218867,0.0149315,0.0349348,0.00797636,0.0159527,0.00398818,0.0119645,0,0,0.0030294,0,0,0.00797636,0.00398818,0.00701758,0,0,0,0,0,0,0.00398818,0,0.00701758,0,0.00797636,0.00398818,0,0.00398818,0.00398818,0.0030294,0.00695518,0.00398818,0,0.00398818,0.00398818,0,0,0,0,0,0,0,0.00398818,0,0.00398818,0,0.00998458,0,0,0,0,0,0,0.00695518,0.00695518,0,0,0,0,0.00398818,0,0,0,0,0,0,0,0,6.12731,0.0778743,0.00398818,0,0,0.0159527,0.0119645,0.0119645,0.0149939,0.0149939,0.0338513,0.0189197,0.0178985,0.00998458,0.0289667,0.0239291,0.0149939,0.0269585,0.00797636,0.00398818,0.0229079,0.0119645,0.0189821,0.0249161,0.147528,0.0478581,0.00695518,0.0159527,0.0388889,0,0
 85.1,0.0131378,0.0143783,0.00818787,0.0213257,0.00818787,0.0133301,0.0230376,0.0254196,0.0163757,0.0102844,0.000855985,0.0290358,0.315332,0.201458,0.0940673,0.0184722,0.145955,0.0122818,0.00599817,0.0240859,0.0131378,0.0163757,0.0102844,0.01828,0.0245636,0.0245636,0.0122818,0.0163757,0.00409393,0,0.00409393,0.00409393,0,0,0,0,0,0,0,0.00409393,0,0,0.00409393,0,0.00409393,0,0,0,0,0,0.00409393,0,0.00409393,0.00104825,0.00818787,0.00409393,0,0.00409393,0,0,0,0,0,0,0,0,0.00409393,0.0213257,0,0.01828,0,0,0,0,0,0,0.00514219,0.00104825,0,0,0,0,0,0,0,0,0,0,0,0,0.00409393,6.03486,0.0839752,0,0,0.00409393,0.0312255,0.0254196,0.0353194,0.0303695,0.0336075,0.0406539,0.015042,0.0143783,0.0100921,0.00923612,0.00409393,0.00818787,0.00818787,0.0163757,0.00494992,0.0223739,0.00818787,0.0163757,0.0201842,0.256485,0.0713088,0.0305618,0.0131378,0.0154266,0,0
 88.2,0.0271348,0.0138059,0.0138059,0.0340378,0.0195718,0.0237948,0.014243,0.0102429,0.0280178,0.00690293,0.0117859,0.0651726,0.308512,0.253948,0.108508,0.0207088,0.154332,0.0168919,0.00334001,0.0533867,0.00756298,0.0111259,0.0168919,0.0355808,0.0364637,0.0280178,0.0153489,0.00958289,0.00422297,0.00844594,0,0.00422297,0,0,0.00844594,0,0,0,0,0.00267996,0,0,0,0.00422297,0,0,0,0.00422297,0,0,0.00422297,0,0,0,0.00422297,0,0,0,0,0,0.00422297,0,0,0,0,0,0,0.0117859,0,0.0102429,0,0,0,0,0,0,0.0153489,0,0,0,0,0,0,0.00422297,0,0,0,0,0,0,0,6.07413,0.12474,0,0,0,0.0787245,0.0340378,0.0649186,0.0711615,0.0593756,0.0193489,0.0193489,0.0211149,0.0267288,0.0253378,0.00844594,0.0153489,0.0126689,0.0168919,0.00756298,0.0229119,0.0195718,0.00422297,0.0193489,0.339393,0.0669386,0.0202319,0.0144659,0.0333777,0,0
 91.4,0.010339,0.0205103,0.0118393,0.0119231,0.0102552,0.0147583,0.00441932,0.0189262,0.0189262,0.0189262,0.00433551,0.0596975,0.388615,0.252629,0.13065,0.0438558,0.237954,0.017342,0.0130065,0.0508589,0.0217614,0.036352,0.0346841,0.0319327,0.0190938,0.00625488,0.0450231,0.0292651,0.00867102,0,0,0,0,0,0,0,0,0,0,0.00158413,0.00433551,0,0,0,0,0.00867102,0,0.00433551,0.00433551,0,8.38106e-005,0,0,0,0,0,0,0,0,0.00867102,0.00433551,0,8.38106e-005,0.00433551,0,0,0,0.00867102,0,0.0189262,0,0.00433551,0,0,0,0,0.00591964,0.00433551,0.00433551,0.00433551,0.00441932,0,0.00433551,0,0,0.00867102,0,0,0,0,8.38106e-005,6.06429,0.123731,0,0.00433551,0,0.0944654,0.0769558,0.0911295,0.103053,0.0595299,0.0260131,0.0130065,0.0174259,0.0194269,0.00441932,0.00450313,0.0275972,0,0.0390196,0.0130065,0.0189262,0.0145907,0.00867102,0.017342,0.364189,0.0815427,0.0346841,0.0146745,0.0090879,0,0
 94.7,0.0133308,0.0150364,0.0195089,0.0178033,0.00609157,0.0193359,0.0222757,0.0134173,0.0434901,0.00894485,0.00447243,0.0372256,0.401363,0.219958,0.104697,0.0401654,0.182646,0.0195089,0.00447243,0.0613798,0.0194224,0.0133308,0.0150364,0.0178897,0.0298999,0.0370527,0.0120967,0.0133308,0.0268346,0,0,0,0,0,0.00447243,0,0,0,0,0,0,0,0,0.00447243,0,0,0,0,0,0,0.0088584,0,0,0,0,0,0,0,0,0,0.00447243,0,0.00438597,0,0,0.0134173,0.00447243,0,0,0.00894485,0,0,0,0,0,0.0178897,0.00447243,0.00894485,0.0150364,0.0134173,0.0389312,0.0178897,0,0.00161914,0,0,0,0.00447243,0,0.00447243,0.00438597,5.92499,0.126501,0.00771072,0.00447243,0.00609157,0.201385,0.0824214,0.126297,0.110404,0.111347,0.00447243,0.0195089,0.0238948,0.0222757,0.01495,0.0193359,0.00894485,0.0178897,0.0166556,0.00894485,0.0134173,0.00447243,0.0178897,0.0223621,0.527698,0.124033,0.0121831,0.0088584,0.0134173,0,0
 98.2,0.0138412,0.0213984,0.0228887,0.00461375,0.0198367,0.0213984,0.0337865,0.0353482,0.0151144,0.0276825,0.0138412,0.0566752,0.444603,0.290893,0.0947497,0.0137697,0.169554,0.0213984,0,0.0565666,0.0306259,0.021507,0.0444672,0.021507,0.0197281,0.0352397,0.0212184,0.0092275,0.0107177,0.00461375,0,0,0,0,0,0,0,0,0,0.003052,0,0,0,0,0,0,0,0,0,0,0,0,0,0.00461375,0,0,0,0.00461375,0,0,0,0,0,0,0,0.0092275,0,0.00766574,0,0,0,0,0,0,0,0.0261207,0.00461375,0.0168217,0.0459574,0.0568552,0.0520244,0.0461375,0,0.00755719,0,0,0,0,0.00461375,0,0,5.89245,0.147388,0.0227801,0.0291727,0.0152229,1.11896,0.908463,1.08771,0.980938,1.09676,0.0353482,0.0167847,0.0106092,0.018455,0.0167847,0.0167847,0.0276825,0.0122795,0.0105006,0.021507,0.0122795,0.0138412,0.00461375,0.0122795,0.56141,0.145321,0.0565666,0.0138412,0.0092275,0,0
101.8,0.0234009,0.0138817,0.0222607,0.0329201,0.0206496,0.0190385,0.0214663,0.00637075,0.047199,0.0333173,0.00951924,0.0679224,0.407284,0.292044,0.123029,0.0417187,0.209519,0.0428366,0.0186413,0.0754333,0.0333173,0.00637075,0.00951924,0.0396881,0.047199,0.0333173,0.0266232,0.0285577,0.0222607,0.0190385,0,0,0.00436242,0.00475962,0,0,0,0,0,0.00161113,0,0.00475962,0,0,0,0,0,0,0,0,0,0,0,0,0.00475962,0,0,0,0,0.00475962,0,0,0,0,0,0,0,0.0107332,0,0.0142789,0,0,0,0.00475962,0.0186413,0.0154928,0.0285577,0.0441243,0.0980174,0.0837386,0.0519586,0.109074,0.0138817,0.00872484,0.0142789,0.00951924,0.00951924,0.00475962,0,0,0,6.00135,0.144893,0.100372,0.0690625,0.0864899,5.34993,5.87592,5.73397,6.27461,6.58664,0.105528,0.0237981,0.0202524,0.00951924,0.00951924,0.0234009,0.0190385,0.0254092,0.047199,0.00637075,0.0154928,0.0142789,0.0329201,0.0254092,0.58183,0.173054,0.0234747,0.00951924,0,0,0
105.5,0.0298709,0.0102301,0.010439,0.0261979,0.0245509,0.0441917,0.0302806,0.00982037,0.0347811,0.0251695,0.00982037,0.0752997,0.490685,0.376708,0.17515,0.045421,0.210341,0.0147306,0.0151403,0.100879,0.0257881,0.0294611,0.0147306,0.0405187,0.0255793,0.0196407,0.0304895,0.0153491,0.010439,0,0,0,0.000409765,0,0,0,0,0,0,0,0,0,0,0.00491019,0,0,0,0,0,0,0,0,0,0,0,0.00491019,0.00491019,0,0,0,0,0,0,0,0,0.00982037,0,0.00531995,0,0.0153491,0,0.00491019,0,0,0.0409284,0.0311081,0.0392815,0.0544218,0.0611878,0.0937033,0.109052,0.0746811,0.0458386,0.00572972,0.00491019,0.00982037,0,0.00491019,0.00491019,0.00491019,0,5.89815,0.154064,0.156538,0.213813,0.151218,15.4362,16.1109,16.1731,16.4724,15.8626,0.241457,0.0251695,0.0249607,0.00614737,0.0147306,0.0200505,0.0202593,0.0343713,0.0151403,0.0245509,0.0151403,0.0251695,0.000409765,0.00982037,0.648646,0.185172,0.0458386,0.0202593,0.0147306,0.00491019,0.00491019
109.4,0.0166589,0.00652765,0.0464143,0.0168446,0.0303936,0.0369213,0.0383833,0.0217245,0.025328,0.0145586,0.0217245,0.0675006,0.528905,0.39619,0.136463,0.0318557,0.249369,0.0217245,0.0151968,0.0755316,0.0443141,0.0405248,0.0485145,0.0240517,0.0348211,0.0455904,0.0246898,0.0145586,0.0449523,0.0050656,0,0,0,0,0,0,0,0,0.0050656,0,0.0050656,0,0,0.0050656,0,0,0,0,0,0,0.0050656,0,0,0,0,0,0,0.0050656,0,0.0050656,0,0,0.0050656,0.00146205,0,0.0115933,0,0.0050656,0,0.00949304,0.0050656,0,0,0.0050656,0.0240517,0.0240517,0.0115933,0.0318557,0.0588727,0.025328,0.0297555,0.0550835,0.101601,0.0333177,0,0.0166589,0,0.0050656,0.0050656,0,0.0151968,5.78413,0.130388,0.155408,0.172561,0.234213,23.4302,23.7494,23.86,23.7931,23.2536,0.352514,0.0398867,0.0151968,0.0189861,0.025328,0.0303936,0.0210863,0.0151968,0.0101312,0.025328,0.0202624,0.0210863,0.0101312,0.0151968,0.694403,0.11966,0.0602935,0.0362831,0.0151968,0,0.0050656
113.4,0.0321035,0.0415887,0.0321035,0.0410886,0.0315013,0.0457367,0.0379559,0.0142353,0.0231184,0.0315013,0.0142353,0.0589568,0.561204,0.444321,0.201417,0.0678398,0.295595,0.0216031,0.0157507,0.0478542,0.0420018,0.0231184,0.0442213,0.00736772,0.0420018,0.0126179,0.0441193,0.0126179,0.0378538,0,0.00525022,0,0,0,0,0,0,0,0,0,0.00525022,0,0,0,0.00525022,0,0,0,0,0,0.00525022,0,0.00525022,0,0,0,0,0,0,0,0,0,0,0.00373489,0,0.00898511,0,0.0021175,0.00525022,0.0105004,0.00525022,0,0.00525022,0,0.0336188,0.0157507,0.0111026,0.0310883,0.0126179,0.0315013,0.0105004,0.0178682,0.103382,0.0967236,0.00525022,0.00585239,0.0105004,0.0210009,0.0252359,0.0378538,0.0547068,5.91661,0.137297,0.177988,0.182534,0.194034,21.289,21.6864,21.0047,20.7646,19.5964,0.360404,0.0336188,0.00525022,0.0210009,0.0126179,0.0157507,0.00373489,0.0105004,0.0105004,0.0126179,0.0157507,0.00373489,0.0105004,0.0210009,0.648438,0.172329,0.08531,0.0499717,0.0315013,0,0
117.6,0.0166048,0.0367781,0.0357308,0.0194813,0.0350387,0.0187893,0.0440425,0.0270824,0.0194813,0.0350387,0.0162494,0.068585,0.58413,0.359993,0.184534,0.058444,0.29892,0.0274377,0.00541647,0.0758493,0.0538281,0.0382707,0.0296223,0.0328542,0.0162494,0.0248978,0.0140649,0.0248978,0.0205287,0.0108329,0,0,0,0,0,0,0,0,0.00541647,0,0,0,0,0,0.00541647,0,0,0,0,0,0,0,0,0,0,0,0,0,0,0,0,0,0,0,0,0.0108329,0,0.00323192,0,0.00541647,0,0,0,0,0.0140649,0.0162494,0.0303143,0.0606473,0.0248978,0.0108329,0.0270824,0.0274377,0.0971599,0.156068,0.0458717,0.0137282,0.00795639,0.0592445,0.106164,0.154931,0.208295,6.02655,0.143278,0.364826,0.318281,0.302933,13.2474,12.4831,12.5578,12.7711,11.4976,0.228378,0.0436871,0.0350387,0.0108329,0.0194813,0.0216659,0.0187893,0.0104963,0.0162494,0.0194813,0.0159128,0.0133729,0.0296223,0.0108329,0.624192,0.210517,0.0462271,0.0227133,0.0404552,0.00541647,0.0433318
121.9,0.016928,0.033683,0.0139467,0.0307882,0.0449972,0.0449972,0.0228042,0.0224553,0.0362262,0.0422782,0.0195605,0.106574,0.656095,0.411203,0.236303,0.0756988,0.337609,0.0337695,0,0.149114,0.0615736,0.0366644,0.047892,0.0366644,0.0251743,0.0449107,0.0392968,0.0112277,0.00561383,0,0,0,0,0,0,0,0,0,0,0,0,0,0,0,0,0,0,0,0,0,0,0.00561383,0,0,0,0,0,0,0,0,0,0,0.00561383,0,0,0.0168415,0,0.0251743,0,0.0112277,0,0,0,0,0.0112277,0,0.0307882,0.0705205,0.0280692,0.0335072,0.0362262,0.0281557,0.0619253,0.253318,0.0926269,0.0843806,0.142976,0.212971,0.224285,0.211126,0.180165,5.9228,0.187886,1.12819,1.10871,1.10398,6.09292,5.21153,5.514,5.53617,5.3655,0.101484,0.0198229,0.0085952,0.0307882,0.0307882,0.00561383,0.0225419,0.0452596,0.0168415,0.0112277,0.0255232,0.016928,0.014209,0.0224553,0.487161,0.217438,0.0564872,0.0278933,0.0310505,0.00561383,0.134556
126.3,0.0373111,0.0284924,0.0373111,0.0320921,0.014637,0.0347016,0.0142462,0.0174551,0.0380927,0.043338,0.0262737,0.109923,0.660972,0.403454,0.171524,0.0838579,0.39899,0.0495472,0.0116367,0.0926766,0.0729765,0.0575842,0.0290918,0.0258829,0.0437288,0.0232734,0.00581836,0.0232734,0.0290918,0,0,0,0,0,0,0,0.00581836,0,0,0,0,0,0,0,0,0,0,0,0,0,0,0,0,0,0.00581836,0,0,0,0.00581836,0.00581836,0,0,0,0.00581836,0,0.00581836,0,0.00881865,0,0.00581836,0,0,0,0,0.00842786,0.0116367,0.014637,0.195609,0.0200646,0.029274,0.0348838,0.0347016,0.0409107,0.2319,0.200017,0.263419,0.335432,0.365487,0.235864,0.174107,0.116549,5.91788,0.127769,3.20538,2.93506,3.15614,2.44139,2.3053,2.16654,2.24445,2.11191,0.0611839,0.0317013,0.00581836,0.0437288,0.0262737,0.00581836,0.00300029,0.00581836,0.0116367,0.0142462,0.0114281,0.0288832,0.00581836,0.0232734,0.584787,0.327994,0.0575842,0.0409107,0.00842786,0.0200646,0.381796
131.0,0.0488637,0.072985,0.0450064,0.0323246,0.0383549,0.0356503,0.0153864,0.0422122,0.0482425,0.02962,0.0241213,0.128899,0.748877,0.508015,0.251057,0.0510367,0.371401,0.0422122,0.00603031,0.123889,0.0981265,0.0428334,0.0405279,0.02962,0.0607918,0.0383549,0.0504155,0.0142336,0.0241213,0.00603031,0,0,0.00603031,0,0,0,0,0,0,0,0,0,0,0,0,0.00603031,0,0,0,0,0,0,0,0,0,0,0,0.002173,0,0,0,0,0,0,0,0.00820331,0.00603031,0.00820331,0.0120606,0,0,0,0,0,0.0356503,0.0241213,0.0241213,0.29509,0.0257627,0.0525885,0.0696592,0.00332576,0.0361819,0.11848,0.320674,0.456135,0.409666,0.408556,0.189734,0.125042,0.0482425,5.74482,0.141491,7.13381,6.40175,7.42171,1.30979,1.04747,0.939941,1.05323,0.94043,0.0120606,0.00935607,0.0120606,0.0120606,0.0180909,0.00603031,0.00603031,0.0180909,0.0120606,0.0153864,0.00935607,0.00935607,0,0.0120606,0.449263,0.310254,0.0833613,0.0685065,0.0542299,0.047711,0.816141
135.8,0.0152362,0.032618,0.0227477,0.0428658,0.0477476,0.0664975,0.0249999,0.0249999,0.0499997,0.0414976,0.0124999,0.0906134,0.796855,0.409046,0.212583,0.064352,0.427796,0.0451179,0.00624997,0.154859,0.0704953,0.0576179,0.0392455,0.0352476,0.0571114,0.0567339,0.037984,0.0414976,0.0201181,0,0,0,0.00136816,0,0,0,0,0,0,0,0,0,0,0,0,0,0,0.00624997,0,0,0,0.00624997,0,0,0,0,0,0.00399782,0,0,0,0,0,0,0,0.0102478,0,0.0102478,0.00624997,0,0,0,0,0,0.00536597,0.00136816,0.0124999,0.347915,0.170308,0.135545,0.202549,0.0679723,0.038868,0.0534911,0.321547,0.456203,0.314706,0.246463,0.108102,0.0758613,0.0437498,5.71155,0.184469,11.4412,11.0071,11.5366,0.816111,0.605651,0.520826,0.610262,0.586146,0.0214862,0.0152362,0.00624997,0.0249999,0.026368,0.0277362,0.0138681,0.0437498,0.032618,0.0187499,0.00761812,0.0201181,0.0187499,0.0187499,0.360308,0.226806,0.115613,0.0727474,0.0437274,0.124706,1.91748
140.7,0.0626803,0.037621,0.0455531,0.037621,0.0130152,0.0195228,0.0391967,0.0261815,0.0393479,0.0261815,0.0196739,0.187598,0.834969,0.574525,0.176148,0.11937,0.46995,0.0703101,0.00650758,0.129029,0.0912574,0.0836276,0.0261815,0.0261815,0.0314157,0.0753931,0.0557192,0.0260303,0.0182494,0,0,0,0.00508303,0,0,0,0,0,0.00650758,0,0,0,0,0,0,0,0,0,0,0,0.00650758,0.00650758,0,0,0,0,0,0,0,0,0,0,0,0,0,0.000151186,0.00650758,0.0130152,0,0.00650758,0,0,0,0,0.240868,0.353765,0.0391967,0.745019,1.05563,1.43808,1.71927,0.92488,0.037621,0.0325379,0.182407,0.209203,0.111741,0.150635,0.0673098,0.0379233,0.0263327,5.87132,0.170309,10.343,11.671,11.8037,0.521244,0.302177,0.309451,0.395064,0.318397,0.0557192,0.042704,0.00650758,0.0325379,0.0115906,0.0233324,0.0246058,0.0133175,0.00508303,0.0130152,0.00508303,0.0115906,0.0390455,0.0261815,0.465989,0.24458,0.0506361,0.0718858,0.0361964,0.187436,3.10907
145.9,0.0386414,0.0255618,0.0307958,0.0646755,0.0271038,0.0458896,0.0133945,0.0254044,0.0659026,0.0337223,0.0337223,0.150906,0.93191,0.677079,0.304424,0.0933212,0.427775,0.0321803,0.0120099,0.206655,0.067602,0.0521933,0.0833039,0.0525082,0.0403408,0.0321803,0.0135519,0.00677594,0.0269464,0.00677594,0,0,0,0,0,0,0,0,0,0,0,0,0,0,0,0,0,0,0,0,0,0,0,0,0,0,0,0,0,0,0,0,0,0,0,0.0133945,0,0.0135519,0,0.0135519,0,0,0,0,2.00089,2.61538,0.163073,2.3724,4.976,5.6019,6.3443,3.69852,0.226364,0.0120099,0.0391137,0.100548,0.0930064,0.0540501,0.0714514,0.0403408,0.0816046,5.66253,0.157682,8.88501,8.79135,8.85923,0.359239,0.156737,0.173216,0.191089,0.158752,0.0360298,0.0458896,0.0187859,0.0203278,0.0187859,0.0238624,0.00677594,0.0267889,0,0.0187859,0.00677594,0.0187859,0.0203278,0.0337223,0.328601,0.270859,0.0902373,0.0862305,0.0495816,0.273617,3.99036
151.2,0.0648023,0.0394999,0.0383096,0.0383096,0.0140454,0.0367115,0.0280907,0.0296888,0.0643203,0.010293,0.0421361,0.109653,0.868596,0.620385,0.219379,0.120502,0.557177,0.0226662,0.0156435,0.129123,0.0833083,0.0638384,0.0853142,0.0610499,0.0421361,0.0189138,0.0351134,0.0351134,0.0351134,0.00702268,0.0140454,0,0,0,0,0,0.00327037,0,0,0,0,0,0,0,0,0,0,0,0,0,0,0,0,0,0,0,0,0,0,0,0,0,0,0,0,0.00327037,0,0.0280907,0.00702268,0.0140454,0,0,0.00702268,0,6.87076,8.15776,0.264304,5.08696,11.0946,11.4421,11.9037,8.2366,1.09574,0.060568,0.0470046,0.064172,0.0886587,0.0561815,0.104784,0.0805199,0.218897,5.64905,0.197195,14.7078,11.3064,12.821,0.303021,0.123216,0.124254,0.106382,0.104784,0.0399078,0.0189138,0.00159812,0.021068,0.0221842,0.0134893,0,0.010293,0.010293,0.0156435,0.021068,0.0296888,0.0140454,0.021068,0.324164,0.136071,0.0637642,0.0572976,0.0502008,0.319073,4.75938
156.8,0.0584992,0.0702205,0.0438744,0.0511868,0.0438744,0.0073124,0.0219372,0.0226847,0.0304989,0.0477815,0,0.208239,0.842766,0.828481,0.286519,0.0524361,0.476482,0.0584992,0.0146248,0.195109,0.0668152,0.0521904,0.0265918,0.0770311,0.0519343,0.0704662,0.0226847,0.0299971,0.0519343,0.0073124,0,0,0.0073124,0,0,0,0.00390712,0,0,0,0,0,0,0,0,0,0,0,0,0,0,0,0,0,0,0,0,0.000747478,0,0.0073124,0,0,0,0,0,0.0192794,0.0073124,0.0146248,0,0,0,0,0,0,13.2352,12.9034,0.53955,6.61121,13.4062,13.6746,14.6733,10.8131,3.55135,0.262,0.108523,0.101788,0.153647,0.249531,0.642653,0.657115,0.982933,5.87106,0.167524,26.8721,23.8954,27.3347,0.306214,0.164119,0.121653,0.108523,0.0704662,0.0146248,0.0192794,0.0073124,0.0153723,0.0370638,0.00390712,0,0.00390712,0.0112195,0.0292496,0.0146248,0,0.0153723,0.0153723,0.284609,0.115088,0.0936527,0.0151266,0.0412166,0.409411,8.40428
162.5,0.0584874,0.0408326,0.0356447,0.0408326,0.0532995,0.0737158,0.038071,0.0272522,0.0525211,0.00761421,0,0.187577,1.11248,0.634373,0.30687,0.131425,0.614962,0.0304568,0.0152284,0.163178,0.0304568,0.0508731,0.0348664,0.0609137,0.0220643,0.0677495,0.0424806,0.0677495,0.0220643,0.00761421,0,0,0,0,0,0,0,0,0,0,0,0,0,0,0,0,0,0.00761421,0,0,0,0.00761421,0,0,0,0,0,0.00683588,0,0,0,0,0,0,0,0.0144501,0,0.0228426,0,0,0,0,0,0,13.7056,13.7342,0.46091,5.72529,10.4348,10.8353,9.99164,8.67241,7.82678,0.950977,0.504305,0.466417,0.477588,0.8521,1.89344,1.78492,3.12921,5.81358,0.211533,35.4543,36.4994,38.4355,0.359073,0.183168,0.144227,0.175553,0.169496,0.0228426,0.0144501,0,0.0144501,0.00761421,0,0.0128021,0.0152284,0.0128021,0.00761421,0.00761421,0.0152284,0.019638,0.0296785,0.322633,0.107804,0.0821996,0.0280305,0.0296785,0.53461,12.7326
168.5,0.0199888,0.0209103,0.0358461,0.0129816,0.0333196,0.0263124,0.0412482,0.0437747,0.0237859,0.0333196,0.0333196,0.194753,1.09497,0.888758,0.334578,0.093873,0.56653,0.0333196,0.0032101,0.136043,0.0713577,0.0453798,0.0897415,0.0333196,0.0396432,0.0555004,0.034241,0.0333196,0.0174623,0.0158573,0,0,0,0,0,0,0,0,0,0,0,0,0,0,0,0.00792863,0,0,0.00792863,0,0,0,0,0,0,0,0,0,0,0,0.00792863,0.00792863,0,0,0,0.00792863,0.00160505,0.00160505,0,0.00953368,0,0,0,0,9.92958,8.9311,0.304149,3.84126,5.43725,5.94662,4.80877,5.21825,10.7498,2.51075,1.33775,1.10919,1.08396,1.97153,3.65826,3.81269,7.60879,6.44594,0.203938,27.1315,33.5531,32.2011,0.271513,0.233572,0.18843,0.197042,0.177974,0.0158573,0.0253909,0.0396432,0.00160505,0.00792863,0.0317145,0.0263124,0,0.0025265,0.0237859,0.00792863,0.0158573,0.0183838,0.0237859,0.21819,0.127193,0.0396432,0.0358461,0.0253909,0.784177,11.5722
174.7,0.0370189,0.0497731,0.0480938,0.0193279,0.0397983,0.0414776,0.0370189,0.0646849,0.0248866,0.0287234,0.0232072,0.169125,1.13027,0.656031,0.306748,0.12827,0.547074,0.0370189,0.0353396,0.208446,0.0552893,0.0712585,0.0497731,0.0563893,0.0552893,0.0469938,0.0552893,0.0149117,0.0480938,0.00829552,0.00829552,0,0,0,0,0,0,0,0,0,0,0,0,0,0,0,0,0,0,0,0,0,0,0.00829552,0,0,0,0,0,0,0,0,0,0,0,0,0.0066162,0.0149117,0,0.0066162,0.00829552,0,0,0,4.62912,4.29943,0.137623,1.67819,2.32015,2.74652,2.12363,2.87624,10.1837,6.37049,2.2397,1.89578,1.93909,3.66229,7.48215,9.7056,16.3487,5.90475,0.242106,13.8943,18.1967,16.356,0.207866,0.319401,0.10942,0.186195,0.123232,0.0304027,0.0370189,0.016591,0.0149117,0,0.0304027,0.0248866,0.0248866,0,0,0.00551617,0.00829552,0.0248866,0.0221072,0.263113,0.0713011,0.0304027,0.0149117,0.0397983,0.52223,5.96769
181.1,0.0294015,0.0697003,0.0178685,0.0144272,0.061653,0.0357371,0.0380401,0.0345545,0.0259159,0.0731859,0.0518318,0.207963,1.02919,0.692556,0.391783,0.0898719,0.575604,0.080642,0.00348559,0.172288,0.0812333,0.0876132,0.0518318,0.0443757,0.0737772,0.0466787,0.0380401,0.0431931,0.00863863,0,0,0,0,0,0,0.00863863,0,0,0,0,0,0.00863863,0,0,0,0,0,0,0,0,0,0,0,0,0,0,0,0,0,0,0,0,0,0,0,0,0,0,0,0,0.00863863,0,0,0,1.9837,1.99584,0.0950692,1.08542,1.03957,1.11218,0.957628,1.98144,6.67829,11.6989,4.22207,3.03733,4.21801,8.65043,16.2074,19.0603,22.2891,6.21038,0.200507,5.28108,7.72936,6.63032,0.150342,0.197657,0.155495,0.063409,0.11697,0.00348559,0.0201716,0.00863863,0.0345545,0.0259159,0.00348559,0.00863863,0.00863863,0,0.0265072,0.00407688,0.00863863,0.000591283,0.00289431,0.153872,0.0431931,0.0201716,0.0351458,0.0518318,0.303623,2.77038
187.7,0.0897771,0.0429978,0.0392687,0.0760457,0.0567291,0.053,0.0211896,0.0218083,0.048927,0.0296104,0.0361583,0.165823,1.12555,0.670475,0.343125,0.075427,0.696922,0.0707353,0.0265,0.216623,0.0897771,0.110967,0.0542375,0.0514187,0.0795,0.0483083,0.0445792,0.0271187,0,0,0.00903958,0,0,0,0,0,0,0,0,0,0,0,0,0,0,0,0,0,0,0,0,0,0,0,0,0,0,0,0,0,0,0,0,0,0,0.0180792,0,0,0,0,0,0,0,0,0.855579,0.891187,0.0218083,0.532062,0.572585,0.720398,0.554231,1.19386,3.40563,15.295,9.30114,7.73735,11.1145,17.8022,27.2249,26.7919,19.5655,5.78231,0.259277,2.79439,3.06154,3.27966,0.0626583,0.0922687,0.0872331,0.0888145,0.0885396,0.00842085,0.0361583,0.00903958,0,0.0180792,0.00842085,0.063277,0.0271187,0.0180792,0.00842085,0.0296104,0.00903958,0.01215,0.0127687,0.147125,0.0180792,0.00903958,0.0355396,0.0542375,0.141814,2.56537
194.6,0.0159751,0.0298891,0.0149446,0.0337727,0.0243586,0.00941409,0.0526009,0.0526009,0.0403337,0.0149446,0.00941409,0.279394,1.30303,0.64031,0.230527,0.0948201,0.545579,0.0298891,0.0188282,0.281896,0.0348033,0.081698,0.0442174,0.0646924,0.0376563,0.0431868,0,0.0507784,0.0253892,0.00656102,0,0,0,0,0,0,0,0,0,0,0,0,0,0,0,0,0,0,0,0,0,0,0,0,0,0,0,0,0,0,0,0,0,0,0,0.0253892,0,0,0,0,0.00941409,0,0,0,0.50786,0.458351,0.0497478,0.329582,0.368031,0.423899,0.317315,1.2251,1.88632,13.4322,16.8021,15.835,18.782,24.205,26.7952,20.9776,10.2673,5.96573,0.253239,1.46027,1.73075,1.58915,0.0790206,0.0808432,0.0569251,0.0298891,0,0.0159751,0.00941409,0.0253892,0.00941409,0.0188282,0.0282423,0.0188282,0.0282423,0.0188282,0.0188282,0.0337727,0.0188282,0.0149446,0.0149446,0.075137,0.0376563,0.0507784,0,0.0225361,0.184222,7.37867
201.7,0.0120646,0.0295572,0.0689668,0.00985239,0.0583406,0.0689668,0.0197048,0.0197048,0.0514741,0.0280097,0.00985239,0.234015,1.09891,0.863335,0.265011,0.151316,0.576068,0.0394096,0,0.202016,0.109815,0.0771507,0.0810313,0.0704052,0.068193,0.049262,0.0295572,0.0256766,0.0226907,0.0128383,0,0.00985239,0,0,0.00985239,0,0,0.00985239,0,0,0,0,0.00985239,0.00985239,0,0,0,0,0,0,0,0,0,0.00907865,0,0,0,0,0,0.0197048,0,0,0,0,0,0.0226907,0,0.0197048,0,0.0197048,0,0,0,0,0.259692,0.277728,0.0325431,0.288475,0.202246,0.263572,0.291461,1.13721,1.12733,8.24242,21.5991,22.5201,20.2378,20.0777,16.9356,10.9701,4.3252,5.64978,0.187739,0.88304,1.24633,1.1485,0.0643124,0.0394096,0.0514741,0.0295572,0.018931,0.0128383,0.0394096,0.0226907,0.00985239,0,0.0295572,0.0197048,0.0287834,0.00907865,0.00985239,0,0.00985239,0.0197048,0.00985239,0.143132,0.0394096,0.035529,0.0197048,0.05446,0.462071,20.4868
209.1,0.0653439,0.0412484,0.0206242,0.0524476,0.0317461,0.0309363,0.0627597,0.0309363,0.0729945,0.0128189,0.000887149,0.223497,1.29447,0.977847,0.417498,0.105628,0.511873,0.0309363,0.0206242,0.121108,0.0755787,0.11513,0.0945059,0.0634923,0.0429454,0.0730718,0.0515605,0.0412484,0.0318234,0,0,0,0,0,0,0,0,0,0,0,0,0,0,0,0,0.0103121,0,0.0103121,0,0,0,0,0.000887149,0.000809849,0,0,0,0,0,0.0103121,0,0,0,0,0,0.0309363,0,0.0103121,0,0,0,0,0,0,0.1675,0.0849263,0.0215113,0.148573,0.145179,0.0652666,0.157111,0.701964,0.832358,4.08897,17.6173,20.743,13.6288,10.7813,7.23535,5.00221,2.06645,5.8556,0.251771,0.927173,0.865146,1.06129,0.0128962,0.0103121,0.0420582,0.0430227,0.0326333,0,0,0.0215113,0.0103121,0.0103121,0.0206242,0.0421355,0.021434,0.021434,0.0309363,0,0.0103121,0.0103121,0.000887149,0.0635696,0.0515605,0.0215113,0,0.0111219,1.16435,40.1431
216.7,0.0511856,0.0215886,0.0323829,0.02066,0.012852,0.0215886,0.0227177,0.0560293,0.0215886,0.0530429,0.0443063,0.268401,0.946302,0.904432,0.338939,0.132718,0.59717,0.0323829,0.0107943,0.249799,0.0737029,0.0530429,0.0227177,0.0431772,0.0443063,0.0119234,0.0344406,0.0236463,0.02066,0.0323829,0.0107943,0,0.0107943,0,0,0,0.0107943,0.00205773,0,0,0,0,0,0,0,0,0,0,0,0,0,0,0.02066,0,0,0,0,0,0,0,0,0,0,0,0,0.0215886,0,0.00205773,0.0215886,0.0107943,0,0,0,0,0.0746315,0.0688813,0.033512,0.0757606,0.058087,0.0757606,0.0647658,0.638817,0.537025,1.77317,9.54828,11.7306,6.83084,5.02025,2.99689,2.21817,0.996633,6.1609,0.279924,0.638267,0.745504,0.804097,0.0649663,0.0323829,0.0323829,0.0649663,0.0530429,0.0323829,0,0.0530429,0.0107943,0.0107943,0.0215886,0.0314543,0.0344406,0,0.0107943,0.0107943,0.0323829,0.012852,0.0227177,0.107014,0.0107943,0.02066,0.0215886,0.0215886,1.79124,50.5433
224.7,0.0139599,0.0452008,0.0113002,0.0279198,0.0317464,0.0452008,0.0769472,0.00914603,0.0339006,0.056501,0.0317464,0.150573,1.09636,0.660467,0.346503,0.0973934,0.548632,0.0478605,0.0113002,0.17966,0.0591607,0.0791014,0.0596663,0.0731206,0.0231059,0.065647,0.0204462,0.0430466,0.0139599,0.0113002,0,0.0113002,0,0,0,0,0,0.00914603,0.0113002,0.00265972,0,0.0226004,0.0113002,0,0,0.0113002,0.0113002,0,0,0.0113002,0.00265972,0.00265972,0,0,0,0.0113002,0.0139599,0,0,0.0113002,0,0,0,0,0,0.0113002,0,0.0430466,0,0.0139599,0,0,0,0,0.056501,0.0521927,0.0317464,0.0995476,0.0462119,0.0317464,0.0226004,0.487293,0.468014,1.10324,4.38489,4.90267,2.857,2.27987,1.55145,1.33989,0.684764,5.46496,0.211888,0.447568,0.620415,0.553096,0.0543468,0,0.0113002,0.0204462,0.0226004,0.0113002,0.00531944,0.0113002,0.0113002,0.0113002,0,0.0226004,0.0204462,0.0113002,0.0226004,0.0113002,0,0.00914603,0.0204462,0.0591607,0.0452008,0.0113002,0,0.0339006,1.96127,40.1337
232.9,0.0471475,0.00260808,0,0.0180927,0.0591551,0.023662,0.0288782,0.0499321,0.035493,0.0144391,0.035493,0.249131,1.23526,0.976201,0.321869,0.14458,0.590315,0.0852486,0,0.238875,0.0734176,0.023662,0.0798558,0.0772478,0.0471475,0.011831,0.023662,0.023662,0.0208774,0.00260808,0.011831,0,0.00260808,0.023662,0.011831,0.011831,0.00260808,0,0.011831,0.00904635,0.011831,0,0,0,0,0,0,0,0.011831,0,0.0208774,0.00904635,0,0,0.011831,0,0.00904635,0,0.011831,0,0.011831,0.011831,0.011831,0.023662,0.0262701,0.011831,0,0.0262701,0.011831,0.00904635,0.011831,0.011831,0,0.023662,0.047324,0.023662,0.011831,0.035493,0.0417547,0.0591551,0.0499321,0.486444,0.463311,0.84189,1.9491,2.09159,1.36957,1.18673,0.949402,0.903136,0.37214,5.96003,0.216259,0.168935,0.377194,0.3243,0.011831,0.0144391,0.0262701,0.023662,0.035493,0.011831,0.0417547,0,0.011831,0.011831,0.011831,0.035493,0.011831,0.011831,0,0.023662,0.011831,0.011831,0.011831,0.0445394,0.023662,0.0144391,0,0,1.4256,20.6893
241.4,0.0346117,0.0364317,0.0373567,0.0373567,0.0160921,0.0249045,0.0443189,0.0221595,0.0124522,0.0382516,0.0373567,0.332163,1.28722,0.713557,0.34164,0.112965,0.5806,0.119032,0.0249045,0.301539,0.0710434,0.0889857,0.047064,0.11207,0.0737884,0.0142722,0.0391767,0.0267244,0.0373567,0.00970722,0.0124522,0.0142722,0.00970722,0,0,0.0249045,0.0221595,0.0249045,0,0,0,0.0124522,0,0.0124522,0,0.0124522,0.0124522,0.0124522,0,0,0.0124522,0,0,0,0.0124522,0.0373567,0,0.0124522,0.00181994,0.0124522,0,0,0,0,0.0221595,0,0,0.0346117,0,0,0,0,0.0124522,0.0124522,0.049809,0.0622612,0.0124522,0.0747135,0.124522,0.0677211,0.111145,0.503142,0.415111,0.518021,1.13141,1.2902,0.709022,0.797461,0.802225,0.434843,0.271144,6.144,0.273024,0.109325,0.225613,0.10109,0.049809,0.0346117,0.047064,0,0.0124522,0.0516289,0.0373567,0.0142722,0.0124522,0,0,0.0124522,0.0142722,0,0.0124522,0.0124522,0.0249045,0.0249045,0.0142722,0.0516289,0.049809,0.0221595,0.0124522,0.0249045,0.662883,7.87693
Scan Up Time(s),90,90,90,90,90,90,90,90,90,90,90,90,90,90,90,90,90,90,90,90,90,90,90,90,90,90,90,90,90,90,90,90,90,90,90,90,90,90,90,90,90,90,90,90,90,90,90,90,90,90,90,90,90,90,90,90,90,90,90,90,90,90,90,90,90,90,90,90,90,90,90,90,90,90,90,90,90,90,90,90,90,90,90,90,90,90,90,90,90,90,90,90,90,90,90,90,90,90,90,90,90,90,90,90,90,90,90,90,90,90,90,90,90,90,90,90,90,90,90,90,90,90
Retrace Time(s),30,30,30,30,30,30,30,30,30,30,30,30,30,30,30,30,30,30,30,30,30,30,30,30,30,30,30,30,30,30,30,30,30,30,30,30,30,30,30,30,30,30,30,30,30,30,30,30,30,30,30,30,30,30,30,30,30,30,30,30,30,30,30,30,30,30,30,30,30,30,30,30,30,30,30,30,30,30,30,30,30,30,30,30,30,30,30,30,30,30,30,30,30,30,30,30,30,30,30,30,30,30,30,30,30,30,30,30,30,30,30,30,30,30,30,30,30,30,30,30,30,30
Down Scan First,FALSE,FALSE,FALSE,FALSE,FALSE,FALSE,FALSE,FALSE,FALSE,FALSE,FALSE,FALSE,FALSE,FALSE,FALSE,FALSE,FALSE,FALSE,FALSE,FALSE,FALSE,FALSE,FALSE,FALSE,FALSE,FALSE,FALSE,FALSE,FALSE,FALSE,FALSE,FALSE,FALSE,FALSE,FALSE,FALSE,FALSE,FALSE,FALSE,FALSE,FALSE,FALSE,FALSE,FALSE,FALSE,FALSE,FALSE,FALSE,FALSE,FALSE,FALSE,FALSE,FALSE,FALSE,FALSE,FALSE,FALSE,FALSE,FALSE,FALSE,FALSE,FALSE,FALSE,FALSE,FALSE,FALSE,FALSE,FALSE,FALSE,FALSE,FALSE,FALSE,FALSE,FALSE,FALSE,FALSE,FALSE,FALSE,FALSE,FALSE,FALSE,FALSE,FALSE,FALSE,FALSE,FALSE,FALSE,FALSE,FALSE,FALSE,FALSE,FALSE,FALSE,FALSE,FALSE,FALSE,FALSE,FALSE,FALSE,FALSE,FALSE,FALSE,FALSE,FALSE,FALSE,FALSE,FALSE,FALSE,FALSE,FALSE,FALSE,FALSE,FALSE,FALSE,FALSE,FALSE,FALSE,FALSE,FALSE,FALSE,FALSE,FALSE
Scans Per Sample,1,1,1,1,1,1,1,1,1,1,1,1,1,1,1,1,1,1,1,1,1,1,1,1,1,1,1,1,1,1,1,1,1,1,1,1,1,1,1,1,1,1,1,1,1,1,1,1,1,1,1,1,1,1,1,1,1,1,1,1,1,1,1,1,1,1,1,1,1,1,1,1,1,1,1,1,1,1,1,1,1,1,1,1,1,1,1,1,1,1,1,1,1,1,1,1,1,1,1,1,1,1,1,1,1,1,1,1,1,1,1,1,1,1,1,1,1,1,1,1,1,1
Impactor Type(cm),None,None,None,None,None,None,None,None,None,None,None,None,None,None,None,None,None,None,None,None,None,None,None,None,None,None,None,None,None,None,None,None,None,None,None,None,None,None,None,None,None,None,None,None,None,None,None,None,None,None,None,None,None,None,None,None,None,None,None,None,None,None,None,None,None,None,None,None,None,None,None,None,None,None,None,None,None,None,None,None,None,None,None,None,None,None,None,None,None,None,None,None,None,None,None,None,None,None,None,None,None,None,None,None,None,None,None,None,None,None,None,None,None,None,None,None,None,None,None,None,None,None
Sheath Flow(lpm),13,13,13,13,13,13,13,13,13,13,13,13,13,13,13,13,13,13,13,13,13,13,13,13,13,13,13,13,13,13,13,13,13,13,13,13,13,13,13,13,13,13,13,13,13,13,13,13,13,13,13,13,13,13,13,13,13,13,13,13,13,13,13,13,13,13,13,13,13,13,13,13,13,13,13,13,13,13,13,13,13,13,13,13,13,13,13,13,13,13,13,13,13,13,13,13,13,13,13,13,13,13,13,13,13,13,13,13,13,13,13,13,13,13,13,13,13,13,13,13,13,13
Aerosol Flow(lpm),1.3,1.3,1.3,1.3,1.3,1.3,1.3,1.3,1.3,1.3,1.3,1.3,1.3,1.3,1.3,1.3,1.3,1.3,1.3,1.3,1.3,1.3,1.3,1.3,1.3,1.3,1.3,1.3,1.3,1.3,1.3,1.3,1.3,1.3,1.3,1.3,1.3,1.3,1.3,1.3,1.3,1.3,1.3,1.3,1.3,1.3,1.3,1.3,1.3,1.3,1.3,1.3,1.3,1.3,1.3,1.3,1.3,1.3,1.3,1.3,1.3,1.3,1.3,1.3,1.3,1.3,1.3,1.3,1.3,1.3,1.3,1.3,1.3,1.3,1.3,1.3,1.3,1.3,1.3,1.3,1.3,1.3,1.3,1.3,1.3,1.3,1.3,1.3,1.3,1.3,1.3,1.3,1.3,1.3,1.3,1.3,1.3,1.3,1.3,1.3,1.3,1.3,1.3,1.3,1.3,1.3,1.3,1.3,1.3,1.3,1.3,1.3,1.3,1.3,1.3,1.3,1.3,1.3,1.3,1.3,1.3,1.3
CPC Inlet Flow(lpm),0.3,0.3,0.3,0.3,0.3,0.3,0.3,0.3,0.3,0.3,0.3,0.3,0.3,0.3,0.3,0.3,0.3,0.3,0.3,0.3,0.3,0.3,0.3,0.3,0.3,0.3,0.3,0.3,0.3,0.3,0.3,0.3,0.3,0.3,0.3,0.3,0.3,0.3,0.3,0.3,0.3,0.3,0.3,0.3,0.3,0.3,0.3,0.3,0.3,0.3,0.3,0.3,0.3,0.3,0.3,0.3,0.3,0.3,0.3,0.3,0.3,0.3,0.3,0.3,0.3,0.3,0.3,0.3,0.3,0.3,0.3,0.3,0.3,0.3,0.3,0.3,0.3,0.3,0.3,0.3,0.3,0.3,0.3,0.3,0.3,0.3,0.3,0.3,0.3,0.3,0.3,0.3,0.3,0.3,0.3,0.3,0.3,0.3,0.3,0.3,0.3,0.3,0.3,0.3,0.3,0.3,0.3,0.3,0.3,0.3,0.3,0.3,0.3,0.3,0.3,0.3,0.3,0.3,0.3,0.3,0.3,0.3
CPC Sample Flow(lpm),0.3,0.3,0.3,0.3,0.3,0.3,0.3,0.3,0.3,0.3,0.3,0.3,0.3,0.3,0.3,0.3,0.3,0.3,0.3,0.3,0.3,0.3,0.3,0.3,0.3,0.3,0.3,0.3,0.3,0.3,0.3,0.3,0.3,0.3,0.3,0.3,0.3,0.3,0.3,0.3,0.3,0.3,0.3,0.3,0.3,0.3,0.3,0.3,0.3,0.3,0.3,0.3,0.3,0.3,0.3,0.3,0.3,0.3,0.3,0.3,0.3,0.3,0.3,0.3,0.3,0.3,0.3,0.3,0.3,0.3,0.3,0.3,0.3,0.3,0.3,0.3,0.3,0.3,0.3,0.3,0.3,0.3,0.3,0.3,0.3,0.3,0.3,0.3,0.3,0.3,0.3,0.3,0.3,0.3,0.3,0.3,0.3,0.3,0.3,0.3,0.3,0.3,0.3,0.3,0.3,0.3,0.3,0.3,0.3,0.3,0.3,0.3,0.3,0.3,0.3,0.3,0.3,0.3,0.3,0.3,0.3,0.3
Low Voltage,10.6098,10.6098,10.6098,10.6098,10.6098,10.6098,10.6098,10.6098,10.6098,10.6098,10.6098,10.6098,10.6098,10.6098,10.6098,10.6098,10.6098,10.6098,10.6098,10.6098,10.6098,10.6098,10.6098,10.6098,10.6098,10.6098,10.6098,10.6098,10.6098,10.6098,10.6098,10.6098,10.6098,10.6098,10.6098,10.6098,10.6098,10.6098,10.6098,10.6098,10.6098,10.6098,10.6098,10.6098,10.6098,10.6098,10.6098,10.6098,10.6098,10.6098,10.6098,10.6098,10.6098,10.6098,10.6098,10.6098,10.6098,10.6098,10.6098,10.6098,10.6098,10.6098,10.6098,10.6098,10.6098,10.6098,10.6098,10.6098,10.6098,10.6098,10.6098,10.6098,10.6098,10.6098,10.6098,10.6098,10.6098,10.6098,10.6098,10.6098,10.6098,10.6098,10.6098,10.6098,10.6098,10.6098,10.6098,10.6098,10.6098,10.6098,10.6098,10.6098,10.6098,10.6098,10.6098,10.6098,10.6098,10.6098,10.6098,10.6098,10.6098,10.6098,10.6098,10.6098,10.6098,10.6098,10.6098,10.6098,10.6098,10.6098,10.6098,10.6098,10.6098,10.6098,10.6098,10.6098,10.6098,10.6098,10.6098,10.6098,10.6098,10.6098
High Voltage,9695.19,9695.19,9695.19,9695.19,9695.19,9695.19,9695.19,9695.19,9695.19,9695.19,9695.19,9695.19,9695.19,9695.19,9695.19,9695.19,9695.19,9695.19,9695.19,9695.19,9695.19,9695.19,9695.19,9695.19,9695.19,9695.19,9695.19,9695.19,9695.19,9695.19,9695.19,9695.19,9695.19,9695.19,9695.19,9695.19,9695.19,9695.19,9695.19,9695.19,9695.19,9695.19,9695.19,9695.19,9695.19,9695.19,9695.19,9695.19,9695.19,9695.19,9695.19,9695.19,9695.19,9695.19,9695.19,9695.19,9695.19,9695.19,9695.19,9695.19,9695.19,9695.19,9695.19,9695.19,9695.19,9695.19,9695.19,9695.19,9695.19,9695.19,9695.19,9695.19,9695.19,9695.19,9695.19,9695.19,9695.19,9695.19,9695.19,9695.19,9695.19,9695.19,9695.19,9695.19,9695.19,9695.19,9695.19,9695.19,9695.19,9695.19,9695.19,9695.19,9695.19,9695.19,9695.19,9695.19,9695.19,9695.19,9695.19,9695.19,9695.19,9695.19,9695.19,9695.19,9695.19,9695.19,9695.19,9695.19,9695.19,9695.19,9695.19,9695.19,9695.19,9695.19,9695.19,9695.19,9695.19,9695.19,9695.19,9695.19,9695.19,9695.19
Lower Size(nm),6.49382,6.49382,6.49382,6.49382,6.49382,6.49382,6.49382,6.49382,6.49382,6.49382,6.49382,6.49382,6.49382,6.49382,6.49382,6.49382,6.49382,6.49382,6.49382,6.49382,6.49382,6.49382,6.49382,6.49382,6.49382,6.49382,6.49382,6.49382,6.49382,6.49382,6.49382,6.49382,6.49382,6.49382,6.49382,6.49382,6.49382,6.49382,6.49382,6.49382,6.49382,6.49382,6.49382,6.49382,6.49382,6.49382,6.49382,6.49382,6.49382,6.49382,6.49382,6.49382,6.49382,6.49382,6.49382,6.49382,6.49382,6.49382,6.49382,6.49382,6.49382,6.49382,6.49382,6.49382,6.49382,6.49382,6.49382,6.49382,6.49382,6.49382,6.49382,6.49382,6.49382,6.49382,6.49382,6.49382,6.49382,6.49382,6.49382,6.49382,6.49382,6.49382,6.49382,6.49382,6.49382,6.49382,6.49382,6.49382,6.49382,6.49382,6.49382,6.49382,6.49382,6.49382,6.49382,6.49382,6.49382,6.49382,6.49382,6.49382,6.49382,6.49382,6.49382,6.49382,6.49382,6.49382,6.49382,6.49382,6.49382,6.49382,6.49382,6.49382,6.49382,6.49382,6.49382,6.49382,6.49382,6.49382,6.49382,6.49382,6.49382,6.49382
Upper Size(nm),245.824,245.824,245.824,245.824,245.824,245.824,245.824,245.824,245.824,245.824,245.824,245.824,245.824,245.824,245.824,245.824,245.824,245.824,245.824,245.824,245.824,245.824,245.824,245.824,245.824,245.824,245.824,245.824,245.824,245.824,245.824,245.824,245.824,245.824,245.824,245.824,245.824,245.824,245.824,245.824,245.824,245.824,245.824,245.824,245.824,245.824,245.824,245.824,245.824,245.824,245.824,245.824,245.824,245.824,245.824,245.824,245.824,245.824,245.824,245.824,245.824,245.824,245.824,245.824,245.824,245.824,245.824,245.824,245.824,245.824,245.824,245.824,245.824,245.824,245.824,245.824,245.824,245.824,245.824,245.824,245.824,245.824,245.824,245.824,245.824,245.824,245.824,245.824,245.824,245.824,245.824,245.824,245.824,245.824,245.824,245.824,245.824,245.824,245.824,245.824,245.824,245.824,245.824,245.824,245.824,245.824,245.824,245.824,245.824,245.824,245.824,245.824,245.824,245.824,245.824,245.824,245.824,245.824,245.824,245.824,245.824,245.824
Density(g/cc),1,1,1,1,1,1,1,1,1,1,1,1,1,1,1,1,1,1,1,1,1,1,1,1,1,1,1,1,1,1,1,1,1,1,1,1,1,1,1,1,1,1,1,1,1,1,1,1,1,1,1,1,1,1,1,1,1,1,1,1,1,1,1,1,1,1,1,1,1,1,1,1,1,1,1,1,1,1,1,1,1,1,1,1,1,1,1,1,1,1,1,1,1,1,1,1,1,1,1,1,1,1,1,1,1,1,1,1,1,1,1,1,1,1,1,1,1,1,1,1,1,1
Title,,,,,,,,,,,,,,,,,,,,,,,,,,,,,,,,,,,,,,,,,,,,,,,,,,,,,,,,,,,,,,,,,,,,,,,,,,,,,,,,,,,,,,,,,,,,,,,,,,,,,,,,,,,,,,,,,,,,,,,,,,
Status Flag,Inlet Flow Rate Error ,Inlet Flow Rate Error ,Inlet Flow Rate Error ,Inlet Flow Rate Error ,Inlet Flow Rate Error ,Inlet Flow Rate Error ,Inlet Flow Rate Error ,Inlet Flow Rate Error ,Inlet Flow Rate Error ,Inlet Flow Rate Error ,Inlet Flow Rate Error ,Inlet Flow Rate Error ,Inlet Flow Rate Error ,Inlet Flow Rate Error ,Inlet Flow Rate Error ,Inlet Flow Rate Error ,Inlet Flow Rate Error ,Inlet Flow Rate Error ,Inlet Flow Rate Error ,Inlet Flow Rate Error ,Inlet Flow Rate Error ,Inlet Flow Rate Error ,Inlet Flow Rate Error ,Inlet Flow Rate Error ,Inlet Flow Rate Error ,Inlet Flow Rate Error ,Inlet Flow Rate Error ,Inlet Flow Rate Error ,Inlet Flow Rate Error ,Inlet Flow Rate Error ,Inlet Flow Rate Error ,Inlet Flow Rate Error ,Inlet Flow Rate Error ,Inlet Flow Rate Error ,Inlet Flow Rate Error ,Inlet Flow Rate Error ,Inlet Flow Rate Error ,Inlet Flow Rate Error ,Inlet Flow Rate Error ,Inlet Flow Rate Error ,Inlet Flow Rate Error ,Inlet Flow Rate Error ,Inlet Flow Rate Error ,Inlet Flow Rate Error ,Inlet Flow Rate Error ,Inlet Flow Rate Error ,Inlet Flow Rate Error ,Inlet Flow Rate Error ,Inlet Flow Rate Error ,Inlet Flow Rate Error ,Inlet Flow Rate Error ,Inlet Flow Rate Error ,Inlet Flow Rate Error ,Inlet Flow Rate Error ,Inlet Flow Rate Error ,Inlet Flow Rate Error ,Inlet Flow Rate Error ,Inlet Flow Rate Error ,Inlet Flow Rate Error ,Inlet Flow Rate Error ,Inlet Flow Rate Error ,Inlet Flow Rate Error ,Inlet Flow Rate Error ,Inlet Flow Rate Error ,Inlet Flow Rate Error ,Inlet Flow Rate Error ,Inlet Flow Rate Error ,Inlet Flow Rate Error ,Inlet Flow Rate Error ,Inlet Flow Rate Error ,Inlet Flow Rate Error ,Inlet Flow Rate Error ,Inlet Flow Rate Error ,Inlet Flow Rate Error ,Inlet Flow Rate Error ,Inlet Flow Rate Error ,Inlet Flow Rate Error ,Inlet Flow Rate Error ,Inlet Flow Rate Error ,Inlet Flow Rate Error ,Inlet Flow Rate Error ,Inlet Flow Rate Error ,Inlet Flow Rate Error ,Inlet Flow Rate Error ,Inlet Flow Rate Error ,Inlet Flow Rate Error ,Inlet Flow Rate Error ,Inlet Flow Rate Error ,Inlet Flow Rate Error ,Inlet Flow Rate Error ,Inlet Flow Rate Error ,Inlet Flow Rate Error ,Inlet Flow Rate Error ,Inlet Flow Rate Error ,Inlet Flow Rate Error ,Inlet Flow Rate Error ,Inlet Flow Rate Error ,Inlet Flow Rate Error ,Inlet Flow Rate Error ,Inlet Flow Rate Error ,Inlet Flow Rate Error ,Inlet Flow Rate Error ,Inlet Flow Rate Error ,Inlet Flow Rate Error ,Inlet Flow Rate Error ,Inlet Flow Rate Error ,Inlet Flow Rate Error ,Inlet Flow Rate Error ,Inlet Flow Rate Error ,Inlet Flow Rate Error ,Inlet Flow Rate Error ,Inlet Flow Rate Error ,Inlet Flow Rate Error ,Inlet Flow Rate Error ,Inlet Flow Rate Error ,Inlet Flow Rate Error ,Inlet Flow Rate Error ,Inlet Flow Rate Error ,Inlet Flow Rate Error ,Inlet Flow Rate Error ,Inlet Flow Rate Error ,Inlet Flow Rate Error 
td(s),2.21462,2.21462,2.21462,2.21462,2.21462,2.21462,2.21462,2.21462,2.21462,2.21462,2.21462,2.21462,2.21462,2.21462,2.21462,2.21462,2.21462,2.21462,2.21462,2.21462,2.21462,2.21462,2.21462,2.21462,2.21462,2.21462,2.21462,2.21462,2.21462,2.21462,2.21462,2.21462,2.21462,2.21462,2.21462,2.21462,2.21462,2.21462,2.21462,2.21462,2.21462,2.21462,2.21462,2.21462,2.21462,2.21462,2.21462,2.21462,2.21462,2.21462,2.21462,2.21462,2.21462,2.21462,2.21462,2.21462,2.21462,2.21462,2.21462,2.21462,2.21462,2.21462,2.21462,2.21462,2.21462,2.21462,2.21462,2.21462,2.21462,2.21462,2.21462,2.21462,2.21462,2.21462,2.21462,2.21462,2.21462,2.21462,2.21462,2.21462,2.21462,2.21462,2.21462,2.21462,2.21462,2.21462,2.21462,2.21462,2.21462,2.21462,2.21462,2.21462,2.21462,2.21462,2.21462,2.21462,2.21462,2.21462,2.21462,2.21462,2.21462,2.21462,2.21462,2.21462,2.21462,2.21462,2.21462,2.21462,2.21462,2.21462,2.21462,2.21462,2.21462,2.21462,2.21462,2.21462,2.21462,2.21462,2.21462,2.21462,2.21462,2.21462
tf(s),1.73557,1.73557,1.73557,1.73557,1.73557,1.73557,1.73557,1.73557,1.73557,1.73557,1.73557,1.73557,1.73557,1.73557,1.73557,1.73557,1.73557,1.73557,1.73557,1.73557,1.73557,1.73557,1.73557,1.73557,1.73557,1.73557,1.73557,1.73557,1.73557,1.73557,1.73557,1.73557,1.73557,1.73557,1.73557,1.73557,1.73557,1.73557,1.73557,1.73557,1.73557,1.73557,1.73557,1.73557,1.73557,1.73557,1.73557,1.73557,1.73557,1.73557,1.73557,1.73557,1.73557,1.73557,1.73557,1.73557,1.73557,1.73557,1.73557,1.73557,1.73557,1.73557,1.73557,1.73557,1.73557,1.73557,1.73557,1.73557,1.73557,1.73557,1.73557,1.73557,1.73557,1.73557,1.73557,1.73557,1.73557,1.73557,1.73557,1.73557,1.73557,1.73557,1.73557,1.73557,1.73557,1.73557,1.73557,1.73557,1.73557,1.73557,1.73557,1.73557,1.73557,1.73557,1.73557,1.73557,1.73557,1.73557,1.73557,1.73557,1.73557,1.73557,1.73557,1.73557,1.73557,1.73557,1.73557,1.73557,1.73557,1.73557,1.73557,1.73557,1.73557,1.73557,1.73557,1.73557,1.73557,1.73557,1.73557,1.73557,1.73557,1.73557
D50(nm),1000,1000,1000,1000,1000,1000,1000,1000,1000,1000,1000,1000,1000,1000,1000,1000,1000,1000,1000,1000,1000,1000,1000,1000,1000,1000,1000,1000,1000,1000,1000,1000,1000,1000,1000,1000,1000,1000,1000,1000,1000,1000,1000,1000,1000,1000,1000,1000,1000,1000,1000,1000,1000,1000,1000,1000,1000,1000,1000,1000,1000,1000,1000,1000,1000,1000,1000,1000,1000,1000,1000,1000,1000,1000,1000,1000,1000,1000,1000,1000,1000,1000,1000,1000,1000,1000,1000,1000,1000,1000,1000,1000,1000,1000,1000,1000,1000,1000,1000,1000,1000,1000,1000,1000,1000,1000,1000,1000,1000,1000,1000,1000,1000,1000,1000,1000,1000,1000,1000,1000,1000,1000
Median(nm),150.99,142.995,139.783,142.889,155.406,137.816,149.546,150.922,143.631,140.851,149.917,168.412,153.512,150.728,152.974,161.5,156.601,154.342,152.98,161,143.226,154.329,138.084,151.643,137.984,137.623,132.081,149.141,122.284,56.9574,48.4528,50.7371,49.4968,47.74,48.7968,47.7466,49.4923,48.881,47.8771,48.8389,49.6686,48.9099,46.9193,49.7526,47.3153,51.4137,47.3466,50.4249,46.7572,48.6686,49.7038,46.9884,48.2252,49.3101,49.7347,50.8775,47.9721,48.8532,47.8299,52.0419,47.1068,49.5349,46.9236,48.5227,47.1595,99.2685,35.8465,146.447,46.598,92.2403,179.352,228.83,1,233.45,161.735,161.076,158.535,158.774,157.488,157.517,156.608,159.98,172.171,189.32,201.559,203.183,199.262,195.401,191.002,188.489,182.446,27.2843,24.7098,159.318,161.8,160.984,111.583,111.272,111.171,111.144,110.939,111.248,114.436,96.6079,101.073,106.191,109.439,118.424,115.859,93.7816,110.239,93.5735,111.096,103.541,102.685,115.715,126.831,129.841,129.091,132.743,213.631,212.165
Mean(nm),148.98,142.653,139.091,142.631,150.834,142.283,148.993,148.265,144.783,145.952,151.205,163.917,149.936,146.218,149.134,159.736,153.334,154.088,150.048,157.658,143.818,149.537,129.617,145.182,138.898,132.481,131.633,142.34,123.944,91.3575,70.9615,64.0891,62.693,58.0992,57.3354,64.7162,63.4775,70.0187,60.1084,55.782,56.3324,64.2499,55.282,57.7587,50.6444,64.2754,56.7906,62.0484,55.2152,53.2848,64.5989,56.1372,56.0196,55.497,61.3051,69.6817,58.289,59.3695,55.0604,69.473,55.599,56.5432,53.638,60.8886,67.1669,112.915,42.2553,146.829,92.8485,107.692,166.305,158.92,188.639,208.022,162.923,162.148,152.816,160.174,158.75,158.726,157.769,165.062,174.494,189.776,200.847,202.145,198.646,195.148,191.117,188.965,182.445,55.1809,65.7843,151.948,160.015,159.245,113.121,112.835,112.608,112.588,112.351,113.678,122.271,114.77,109.344,110.855,118.049,131.614,123.163,104.552,118.927,108.87,120.343,116.406,113.074,122.077,128.586,127.66,120.808,130.043,201.951,203.682
Geo. Mean(nm),136.831,130.453,125.575,130.282,139.845,129.385,135.323,135.701,134.993,132.366,136.569,153.456,137.272,132.214,136.282,150.649,142.209,140.853,139.861,145.472,128.28,134.086,98.0447,126.808,121.749,115.931,115.496,128.462,105.138,72.9286,56.6446,54.2594,53.4842,50.2489,51.2206,53.3816,53.9037,56.0178,51.3608,50.9353,51.2428,53.2538,49.2807,51.1018,48.6544,55.3909,49.3394,53.1494,49.401,48.8961,54.6231,50.0889,49.8416,50.9373,53.0973,56.5098,51.4651,52.5991,49.4976,58.1916,49.3439,51.5421,48.4354,52.6035,54.3966,93.4084,37.9275,130.708,67.7479,93.5873,155.925,133.921,180.071,198.613,162.549,161.705,146.463,159.44,158.227,158.237,157.253,163.896,173.601,188.99,200.075,201.307,197.898,194.438,190.515,188.387,180.764,31.5246,32.3552,139.153,159.059,158.293,111.916,112.327,112.153,112.159,111.929,106.216,108.977,99.1087,95.5044,98.4097,102.837,115.161,107.444,91.8925,104.016,93.4552,104.433,101.2,98.6654,115.241,123.443,117.931,110.322,116.97,199.275,201.756
Mode(nm),187.688,130.975,201.691,187.688,181.056,162.531,224.679,174.658,209.08,181.056,181.056,241.442,194.564,209.08,209.08,201.691,187.688,241.442,174.658,241.442,201.691,209.08,209.08,241.442,187.688,140.746,140.746,162.531,156.788,51.397,38.5423,55.2316,55.2316,47.8286,47.8286,61.5265,53.2798,55.2316,53.2798,46.1384,55.2316,53.2798,41.4178,57.2549,53.2798,42.9351,53.2798,57.2549,46.1384,57.2549,51.397,42.9351,53.2798,49.5807,44.5079,241.442,46.1384,46.1384,44.5079,51.397,47.8286,49.5807,51.397,61.5265,42.9351,209.08,35.8664,224.679,216.739,201.691,232.91,232.91,241.442,232.91,162.531,162.531,156.788,156.788,156.788,156.788,156.788,156.788,168.485,187.688,201.691,201.691,201.691,194.564,187.688,187.688,181.056,6.61169,6.61169,162.531,162.531,162.531,109.411,109.411,109.411,109.411,109.411,113.419,145.902,216.739,126.346,156.788,168.485,187.688,121.881,101.815,209.08,194.564,216.739,140.746,145.902,109.411,126.346,135.773,145.902,201.691,224.679,216.739
Geo. Std. Dev.,1.58228,1.59922,1.67775,1.60679,1.54352,1.64155,1.62679,1.59138,1.49461,1.64939,1.65327,1.483,1.56821,1.61873,1.58097,1.43477,1.51598,1.59014,1.48739,1.55038,1.70721,1.68861,2.53148,1.78356,1.7732,1.7733,1.7478,1.63185,1.87403,1.91955,1.83314,1.65915,1.6594,1.58137,1.53981,1.701,1.64096,1.79448,1.63126,1.45422,1.47101,1.72072,1.52761,1.56091,1.32027,1.61668,1.57518,1.66249,1.51461,1.46215,1.66635,1.52778,1.52849,1.44879,1.61785,1.75549,1.53021,1.54522,1.50821,1.69964,1.53121,1.45721,1.4847,1.60934,1.74689,1.89016,1.50625,1.68339,2.19505,1.72669,1.46523,1.92505,1.36613,1.39089,1.06965,1.08213,1.41076,1.10241,1.08953,1.08418,1.08805,1.12719,1.11238,1.10063,1.09952,1.10508,1.09659,1.09323,1.08562,1.08425,1.19783,2.90574,3.45257,1.81314,1.11894,1.12026,1.19621,1.10258,1.09438,1.09161,1.09019,1.5019,1.65435,1.75443,1.72323,1.66534,1.76045,1.72807,1.75334,1.68648,1.7338,1.7705,1.75753,1.73008,1.72649,1.48562,1.34404,1.53718,1.58185,1.63791,1.18711,1.15244
Total Concentration(mm/cm),0.0177973,0.0177647,0.0158479,0.016285,0.0160053,0.0178246,0.016516,0.0147548,0.018786,0.0154701,0.0107911,0.0744247,0.458669,0.327554,0.133552,0.0411544,0.225302,0.0216271,0.00586945,0.076065,0.0326605,0.0291929,0.0291347,0.0266965,0.0242646,0.0230867,0.0185111,0.0150792,0.0149042,0.0079323,0.00673599,0.00685689,0.00667934,0.00634936,0.00791242,0.00721534,0.00812654,0.00576489,0.00624541,0.0062822,0.00673512,0.00720227,0.00757276,0.00795536,0.00743987,0.00853429,0.00691561,0.00687571,0.00682797,0.00712626,0.00824926,0.00785795,0.00746402,0.00704204,0.00733149,0.00697445,0.00688074,0.00649353,0.00674808,0.0085036,0.00611834,0.00745347,0.00661883,0.0066541,0.00718529,0.00889325,0.00964375,0.00698657,0.00264787,0.00592426,0.000871917,0.000368162,0.000386331,0.000717805,0.856353,0.861047,0.0412632,0.467253,0.810971,0.860666,0.855825,0.770222,0.782043,1.0653,1.43809,1.48723,1.32721,1.54911,1.8052,1.63462,1.41055,11.8233,0.267135,2.8381,2.85926,2.93061,1.47499,1.44331,1.43333,1.44818,1.38799,0.0363521,0.0163055,0.0124993,0.0126907,0.0117552,0.0108854,0.0125374,0.0128795,0.010267,0.0108675,0.0110778,0.00997936,0.0112133,0.0132131,0.172687,0.0644157,0.0260693,0.0177737,0.018676,0.177353,3.85045
Comment,,,,,,,,,,,,,,,,,,,,,,,,,,,,,,,,,,,,,,,,,,,,,,,,,,,,,,,,,,,,,,,,,,,,,,,,,,,,,,,,,,,,,,,,,,,,,,,,,,,,,,,,,,,,,,,,,,,,,,,,,,
