Sample File,C:\Users\Marduk\Documents\SMPS_data\r20160727_SMPS.S80
Classifier Model,3080
DMA Model,3081
DMA Inner Radius(cm),0.00937
DMA Outer Radius(cm),0.01961
DMA Characteristic Length(cm),0.44369
CPC Model,3775 Low Flow
Gas Viscosity (kg/(m*s)),1.822e-005
Mean Free Path (m),6.642e-008
Channels/Decade,64
Multiple Charge Correction,FALSE
Nanoparticle Aggregate Mobility Analysis,FALSE
Diffusion Correction,FALSE
Units,Concentration (DW)
Weight,Number
Sample #,1,2,3,4,5,6,7,8,9,10,11,12,13,14,15,16,17,18,19,20,21,22,23,24,25,26,27,28,29,30,31,32,33,34,35,36,37,38,39,40,41,42,43,44,45,46,47,48,49,50,51,52,53,54,55,56,57,58,59,60,61,62,63,64,65,66,67,68,69,70,71,72,73,74,75,76,77,78,79,80,81,82,83,84,85,86,87,88,89,90,91,92,93,94,95,96,97,98,99,100,101,102,103,104,105,106,107,108,109,110,111,112,113,114,115,116,117,118,119,120,121,122
Date,07/27/16,07/27/16,07/27/16,07/27/16,07/27/16,07/27/16,07/27/16,07/27/16,07/27/16,07/27/16,07/27/16,07/27/16,07/27/16,07/27/16,07/27/16,07/27/16,07/27/16,07/27/16,07/27/16,07/27/16,07/27/16,07/27/16,07/27/16,07/27/16,07/27/16,07/27/16,07/27/16,07/27/16,07/27/16,07/27/16,07/27/16,07/27/16,07/27/16,07/27/16,07/27/16,07/27/16,07/27/16,07/27/16,07/27/16,07/27/16,07/27/16,07/27/16,07/27/16,07/27/16,07/27/16,07/27/16,07/27/16,07/27/16,07/27/16,07/27/16,07/27/16,07/27/16,07/27/16,07/27/16,07/27/16,07/27/16,07/27/16,07/27/16,07/27/16,07/27/16,07/27/16,07/27/16,07/27/16,07/27/16,07/27/16,07/27/16,07/27/16,07/27/16,07/27/16,07/27/16,07/27/16,07/27/16,07/27/16,07/27/16,07/27/16,07/27/16,07/27/16,07/27/16,07/27/16,07/27/16,07/27/16,07/27/16,07/27/16,07/27/16,07/27/16,07/27/16,07/27/16,07/27/16,07/27/16,07/27/16,07/27/16,07/27/16,07/27/16,07/27/16,07/27/16,07/27/16,07/27/16,07/27/16,07/27/16,07/27/16,07/27/16,07/27/16,07/27/16,07/27/16,07/27/16,07/27/16,07/27/16,07/27/16,07/27/16,07/27/16,07/27/16,07/27/16,07/27/16,07/27/16,07/27/16,07/27/16,07/27/16,07/27/16,07/27/16,07/27/16,07/27/16,07/27/16
Start Time,10:55:47,10:57:51,10:59:51,11:01:51,11:10:07,11:12:10,11:14:10,11:16:10,11:18:10,11:20:10,11:22:10,11:24:10,11:26:10,11:28:10,11:30:10,11:32:10,11:34:10,11:36:10,11:38:10,11:40:10,11:42:10,11:44:10,11:46:10,11:48:10,11:50:10,11:52:10,11:54:10,11:56:10,11:58:11,12:00:11,12:02:11,12:04:11,12:06:11,12:08:11,12:10:11,12:12:11,12:14:11,12:16:11,12:18:11,12:20:11,12:22:11,12:24:11,12:26:11,12:28:11,12:30:11,12:32:11,12:34:11,12:36:11,12:38:11,12:40:11,12:42:11,12:44:11,12:46:11,12:48:11,12:50:11,12:52:11,12:54:11,12:56:11,12:58:11,13:00:11,13:02:11,13:04:11,13:06:11,13:08:11,13:10:11,13:12:11,13:14:11,13:16:11,13:18:11,13:20:11,13:22:11,13:24:11,13:26:11,13:28:11,13:30:11,13:32:11,13:34:11,13:36:11,13:38:11,13:40:11,13:42:11,13:44:11,13:46:11,13:48:11,13:50:11,13:52:11,13:54:11,13:56:11,13:58:11,14:00:11,14:07:49,14:15:23,14:17:27,14:19:27,14:21:27,14:23:27,14:32:14,14:34:18,14:36:18,14:38:18,14:40:18,14:42:18,14:44:18,14:46:18,14:48:18,14:50:18,14:52:18,14:54:18,14:56:18,14:58:18,15:00:18,15:02:18,15:04:18,15:06:18,15:08:18,15:10:18,15:12:18,15:14:18,15:16:18,15:18:18,15:20:18,15:22:18
Diameter Midpoint
6.61,0,0,7.2512,0,0,0,0,0,0,0,0,0,0,0,0,0,0,0,0,0,0,0,0,0,0,0,0,0,0,0,0,0,0,0,7.2512,0,0,0,0,0,0,0,0,0,0,0,0,0,0,0,0,0,0,0,0,0,0,0,0,0,0,0,0,0,0,0,0,0,0,0,0,0,0,0,0,0,0,0,7.2512,0,0,0,0,0,7.2512,7.2512,0,0,0,0,35.7949,29530.3,1139.45,226.989,0,0,140.924,0,0,0,0,0,0,0,0,0,0,0,0,0,0,0,0,0,0,64.7998,0,0,0,0,0,0
6.85,0,0,0,0,0,0,0,0,0,0,0,0,0,0,6.85047,0,0,0,0,0,0,0,0,0,0,0,0,0,0,0,0,0,0,0,0,0,0,0,0,0,0,0,0,0,0,0,0,0,0,0,0,0,0,0,0,0,0,0,0,0,0,0,0,0,0,0,0,0,0,0,0,0,0,0,0,0,0,0,0,0,0,0,0,0,13.7009,0,0,0,0,0,41.5384,27307.5,1050.78,195.644,0,0,55.2393,0,0,0,2.52422,6.85047,0,0,0,0,0,0,0,0,0,0,0,0,0,62.0898,0,0,0,0,0,0
7.10,0,0,0,0,0,0,0,0,0,0,0,0,0,0,0,0,0,0,0,0,0,0,0,0,0,0,0,0,0,0,0,0,0,0,0,0,0,0,0,0,0,0,0,0,0,0,0,0,0,0,0,0,0,0,0,0,0,0,0,0,0,0,0,0,0,0,0,0,0,0,0,0,0,0,0,0,0,0,6.45997,0,0,0,6.45997,0,0,0,0,0,0,0,25.8399,26270.9,994.294,200.423,0,6.45997,38.7598,0,0,0,4.07964,0,0,0,0,0,0,0,0,0,0,0,0,0,0,36.1496,0,0,0,0,0,0
7.37,0,0,0,0,0,0,0,0,0,0,0,0,0,0,0,0,0,0,0,0,0,0,0,0,0,0,0,0,6.10302,0,0,0,0,0,0,0,0,0,0,0,0,0,0,0,0,0,0,0,0,0,0,0,0,0,0,0,0,0,0,0,0,0,0,0,0,0,0,0,0,0,0,0,0,0,0,0,0,0,0,0,0,0,0,0,0,0,0,0,0,0,44.0931,24360.9,932.244,198.381,0,6.10302,18.3091,0,0,6.10302,0,0,1.37198,0,0,0,0,0,0,0,0,0,0,0,0,52.6621,0,0,0,0,0,0
7.64,0,0,0,0,0,0,0,0,0,0,0,0,0,0,0,0,0,0,0,0,0,0,5.77035,0,0,0,0,0,0,0,0,0,0,0,0,0,0,0,0,0,0,0,0,0,0,0,0,0,0,0,0,0,0,0,0,0,0,0,0,0,0,0,0,0,0,0,0,0,0,0,0,0,0,0,0,5.77035,0,0,0,0,0,5.77035,0,0,0,5.77035,0,0,0,5.77035,16.0139,23217.1,794.969,208.006,5.77035,5.77035,28.8518,0,5.77035,5.77035,5.77035,0,4.47316,0,0,0,0,0,0,0,0,0,0,0,0,21.7842,0,0,0,0,0,0
7.91,0,0,0,0,0,0,0,0,0,0,0,0,0,0,0,0,0,0,0,0,0,0,11.6988,0,0,0,0,0,0,0,0,0,0,0,0,0,0,0,0,0,0,0,0,0,0,0,0,5.46647,0,0,0,0,0,0,0,0,0,0,0,0,0,0,0,0,0,0,0,0,0,0,0,0,0,0,0,0,5.46647,0,0,0,0,0,0,0,0,0,0,0,0,0,16.7823,21891,703.546,149.801,5.46647,0,38.6482,16.3994,0,0,0,5.46647,0,0,0,0,0,0,5.46647,0,0,0,0,0,0,0,0,0,0,0,0,0
8.20,0,0,0,0,0,0,0,0,0,0,0,0,0,0,0,0,0,5.18807,0,0,0,0,69.2511,0,0,0,0,0,0,0,0,0,0,0,0,0,0,0,0,0,0,0,0,5.18807,0,0,0,0,0,0,0,0,0,0,0,0,0,0,0,0,0,0,0,0,0,0,0,0,0,0,0,0,0,0,0,2.533,5.18807,0,0,0,0,0,0,0,5.18807,0,2.533,0,0,0,20.3889,21248,708.922,179.643,0,5.18807,10.0127,0,10.3761,5.18807,0,0,0,0,0,0,0,0,0,0,0,0,0,0,0,0,0,0,0,0,0,0
8.51,0,0,0,0,0,4.93754,0,0,0,0,0,0,0,0,0,0,4.46012,0,0,0,0,0,46.9647,0,0,0,0,0,0,0,0,0,0,0,0,0,0,0,0,0,0,0,0,0,0,0,0,0,0,0,0,0,0,0,4.93754,0,0,0,0,0,0,0,0,0,0,0,0,0,0,0,0,0,0,0,0,2.52686,0,0,0,0,0,0,0,0,0,0,2.52686,0,0,0,24.2103,19247.7,542.196,5766.94,0,14.3352,34.5628,0,0,0,0,0,0,0,0,0,0,0,0,0,0,0,0,0,0,0,0,0,0,0,0,0
8.82,0,0,0,0,0,0,0,0,0,0,0,0,0,0,0,0,0.454281,0,0,0,0,0,37.5859,0,0,0,0,0,0,0,0,0,0,0,0,0,0,0,0,0,0,0,0,0,0,0,0,0,0,0,0,0,0,0,0,0,0,0,0,0,0,0,0,0,0,0,0,0,0,0,0,0,0,0,0,0,0,0,0,0,0,0,4.69824,0,4.69824,4.69824,0,0,4.69824,0,14.549,18604,546.856,5196.09,0,0.454281,14.0947,6.17884,0,4.69824,0,0,0,0,0,0,0,0,0,0,0,0,0,0,0,0,0,0,0,0,0,0
9.14,0,0,0,0,0,0,0,0,0,0,0,0,0,0,0,0,0,0,0,0,0,0,7.70541,0,0,0,0,0,0,0,0,0,0,0,0,0,0,0,0,0,0,0,0,0,0,0,0,0,0,0,0,0,0,0,0,0,0,0,0,0,0,0,0,0,0,0,0,0,0,0,0,0,0,0,0,0,0,0,0,0,4.47053,0,0,0,0,0,0,4.47053,0,0,12.1759,18441.5,499.094,1010.51,0,4.47053,8.94105,7.53221,0,0,0,4.47053,0,3.23489,0,0,0,0,0,0,0,0,0,0,0,0,0,0,0,0,0,0
9.47,0,0,0,0,0,0,0,0,0,0,0,0,0,0,0,0,0,0,0,0,0,0,18.7896,0,0,0,0,0,0,0,0,0,4.26556,0,0,0,0,0,0,0,0,0,0,0,0,0,0,0,0,0,0,0,0,0,0,0,0,0,0,0,0,0,0,0,0,0,0,0,0,0,0,0,0,0,0,0,0,0,0,0,0,0,0,4.26556,0,9.07951,4.26556,0,0,0,18.2412,16909.2,493.658,349.522,4.26556,0,9.07951,8.53113,0,0,0,0,0,1.17899,0,0,0,0,0,0,0,0,0,0,0,0,0,0,0,0,0,0
9.82,0,0,0,0,0,0,0,0,0,0,0,0,0,0,0,0,0,0,0,0,0,0,27.9408,0,0,0,0,0,0,0,0,0,0,0,0,0,0,0,0,0,0,0,0,0,0,0,0,0,0,0,0,0,0,0,0,0,0,0,0,0,0,0,0,0,0,0,0,0,0,0,0,0,0,0,0,4.06623,4.06623,0,0,0,0,0,0,0,0,3.54347,0,0,0,0,20.3311,16170.5,432.219,203.961,8.13245,4.06623,17.8967,2.15457,0,0,4.06623,0,0,0,0,0,4.06623,0,0,0,0,0,0,0,0,0,0,0,0,0,0,0
 10.2,0,0,0,0,0,0,0,0,0,0,0,0,0,0,0,0,0,0,0,0,0,0,35.0153,0,0,0,0,0,0,0,0,0,0,0,0,0,0,0,0,0,0,0,0,0,0,0,0,0,0,3.89059,0,0,0,0,0,0,0,0,0,0,0,0,0,0,0,0,0,0,0,0,0,0,0,0,0,0,0,0,0,0,0,0,3.89059,0,0,0,0,0,0,0,15.2798,15350,355.676,42.5641,3.89059,0,9.61027,1.82909,3.89059,0,0,0,0,0,0,0,0,0,0,0,0,0,0,0,0,0,0,0,0,0,0,0
 10.6,0,0,0,0,0,0,0,0,0,0,0,0,0,0,3.71953,0,0,0,0,0,0,0,27.2305,0,3.71953,0,0,0,0,0,0,0,0,0,0,0,0,0,0,0,0,7.43905,0,0,0,0,0,0,0,0,0,0,0,0,0,0,0,0,0,0,0,0,0,0,0,0,0,0,0,0,0,0,0,0,0,0,0,0,0,0,0,0,0,0,0,0,0,0,0,0,3.98963,14693.4,359.901,33.4757,1.19378,0,16.0719,0,3.71953,0,0,0,0,0,0,0,0,0,0,0,0,0,0,0,0,0,0,0,0,0,0,0
 10.9,0,0,0,0,3.55364,0,0,0,0,0,0,0,0,0,0,0,0,0,0,0,0,0,11.0158,0,0,0,0,0,0,0,0,0,0,0,0,0,0,0,0,0,0,0,0,0,0,0,0,0,0,0,0,0,0,0,0,0,0,0,0,0,0,0,0,0,0,0,0,0,0,0,0,0,0,0,0,0,0,0,0,0,0,0,0,0,0,3.55364,3.55364,0,0,0,9.63182,14212,337.799,10.6609,2.4131,3.55364,26.2595,0,0,0,0,3.55364,0,0,0,0,0,0,0,0,0,0,0,0,0,0,0,0,0,0,0,0
 11.3,0,0,0,0,0,0,3.40408,0,0,0,0,0,0,0,0,0,0,0,0,0,0,0,1.97159,0,0,0,0,0,0,0,0,0,0,0,0,0,0,0,0,0,0,0,0,0,0,0,0,0,0,0,0,0,0,0,0,0,0,0,3.40408,0,0,0,0,0,0,0,0,0,0,0,0,0,0,0,0,0,0,0,0,0,3.40408,0,0,0,0,3.40408,0,0,3.40408,0,14.6021,13744.1,283.224,13.6163,3.40408,0,4.71526,0,0,0,0,0,0,0,0,0,0,0,3.40408,0,0,0,0,0,0,0,0,0,0,0,0,0
 11.8,0,0,3.26228,0,0,0,0,0,0,0,0,0,0,0,0,0,0,0,0,0,0,0,0,0,0,0,0,0,0,0,0,0,0,0,0,0,0,0,0,0,0,0,0,0,0,0,0,0,0,0,0,0,0,0,0,0,0,0,0,0,0,0,0,0,0,0,0,0,0,0,0,0,0,0,0,0,0,0,0,0,0,0,0,0,0,0,0,0,0,0,3.26228,12808.5,300.586,3.26228,0,0,9.475,3.26228,0,0,0,0,0,0,0,0,0,0,0,0,0,0,0,0,0,0,0,0,0,0,0,0
 12.2,0,0,0,0,0,0,0,0,0,0,0,0,0,0,0,0,0,0,0,0,0,0,0,0,0,0,0,0,0,0,0,0,0,0,0,0,0,0,0,0,0,0,0,0,0,0,0,0,0,0,0,0,0,0,0,0,0,0,0,0,0,0,0,0,0,0,0,0,0,0,0,0,0,0,0,0,0,0,0,3.12497,0,0,0,0,0,0,0,0,0,0,9.37492,12576.5,256.99,6.24995,0,0,6.24995,0,0,0,0,0,0,0,0,0,0,0,0,0,0,0,0,0,0,0,0,0,0,0,0,0
 12.6,0,0,0,0,0,0,0,0,0,0,0,0,0,0,0,0,0,0,0,0,0,0,0,0,0,0,0,0,0,0,0,0,0,0,0,0,0,0,0,0,0,0,0,0,0,0,0,0,0,0,0,0,0,0,0,0,0,0,0,0,0,0,0,0,0,0,0,0,0,0,0,0,0,0,0,0,0,0,0,0,0,0,0,0,0,0,0,0,0,0,6.00223,11715.3,236.542,0,3.00111,0,9.00334,0,0,0,0,0,0,0,0,0,0,0,0,0,0,0,0,0,0,0,0,0,0,0,0,0
 13.1,0,0,0,0,0,0,0,0,0,2.88626,0,0,0,0,0,0,0,0,0,0,0,0,0,0,0,0,0,0,0,0,0,0,0,0,0,0,0,0,0,0,0,0,0,0,0,0,0,0,0,0,0,0,0,0,0,0,0,0,0,0,0,0,0,0,0,0,0,0,0,0,0,0,0,0,0,0,0,0,0,0,0,0,0,0,0,0,0,2.88626,0,0,0,11194.9,208.381,0,0,0,5.77253,0,0,2.88626,0,2.88626,0,0,0,0,0,0,0,0,0,0,0,0,0,0,0,0,0,0,0,0
 13.6,0,0,0,0,0,0,0,0,0,0,0,0,0,0,0,0,0,0,0,0,0,0,0,0,0,0,0,0,0,0,0,0,0,0,0,0,0,0,0,0,0,0,0,0,0,0,0,0,0,0,0,0,0,0,0,0,0,0,0,0,0,0,0,0,0,0,0,0,0,0,0,0,0,0,0,0,0,2.76978,0,2.76978,0,2.76978,0,2.76978,0,0,0,0,0,0,13.7132,10843,229.945,2.76978,0,0,2.63403,2.76978,0,0,0,0,0,0,0,0,0,0,0,0,2.76978,0,0,0,0,0,0,0,0,0,0,0
 14.1,0,0,0,0,2.6539,0,0,0,0,0,0,0,0,0,0,0,0,0,0,0,0,0,0,0,0,0,0,0,0,0,0,0,0,0,0,0,0,0,0,0,0,0,0,0,0,0,0,0,0,0,0,0,0,0,0,0,0,0,0,0,0,0,0,0,0,0,0,0,0,0,0,0,0,0,0,0,0,0,0,0,0,0,0,0,0,0,0,0,2.6539,0,10.7457,10474,183.864,5.3078,0,2.6539,6.2515,0,2.6539,0,0,2.6539,0,0,0,0,0,0,0,0,0,0,0,0,0,0,0,0,0,0,0,0
 14.6,0,0,0,0,0,0,0,0,0,0,0,1.6707,0,0,0,0,0,0,0,0,0,0,0,0,0,0,0,0,0,0,0,0,0,0,0,0,0,0,0,0,0,0,0,0,0,0,2.54483,0,0,0,0,0,0,0,0,0,0,0,0,0,0,0,0,0,0,0,0,0,0,0,0,0,0,0,0,0,0,0,0,0,0,0,0,0,0,0,0,0,0,0,2.54483,9562.04,148.728,0,0,0,6.85431,2.54483,0,0,0,0,0,0,0,0,0,0,0,0,0,0,0,0,0,0,0,0,0,0,0,0
 15.1,0,0,0,0,0,0,0,0,0,0,0,0.841068,0,0,0,0,0,0,0,0,0,0,0,0,0,0,0,0,0,0,0,0,0,0,0,0,0,0,0,0,0,0,0,0,0,0,0,0,0,0,0,0,0,0,0,0,0,0,0,0,0,0,0,0,0,0,0,0,0,0,0,0,0,0,0,0,0,0,0,0,0,0,0,0,0,0,0,0,0,0,4.89712,9205.98,143.786,0,2.44856,0,4.89712,0,0,0,0,0,0,0,0,0,0,2.44856,0,0,0,0,2.44856,0,0,0,0,0,0,0,0,0
 15.7,0,0,0,0,0,0,0,0,0,0,0,0,0,0,0,0,0,0,0,0,0,0,0,0,0,0,0,0,0,0,0,0,0,0,0,0,0,0,0,0,0,0,0,0,0,0,0,0,0,0,0,0,0,0,0,0,0,0,0,0,0,0,0,0,0,0,2.36014,0,0,0,0,0,0,0,0,0,0,0,0,0,0,0,0,0,0,0,0,2.36014,0,0,4.72027,8821.49,160.549,0,0,0,8.67781,0,0,0,0,0,0,0,0,0,0,0,0,0,0,0,0,0,0,0,0,0,0,0,0,0
 16.3,0,0,0,0,0,0,0,0,0,0,0,0,0,0,0,0,0,0,0,0,0,0,0,0,0,0,0,0,0,0,0,0,0,0,0,0,0,0,0,0,0,0,0,0,0,0,0,0,0,0,0,2.27457,0,0,0,0,0,0,0,0,0,0,0,0,0,0,2.27457,0,0,0,0,0,0,0,0,0,0,0,0,0,0,0,0,0,0,0,0,0,0,0,4.54914,8407.72,165.289,0,0,2.27457,7.5588,0,0,0,0,1.52372,0,0,0,0,0,0,0,0,0,0,0,0,0,0,0,0,0,0,0,2.27457
 16.8,0,2.19192,0,0,0,2.19192,0,0,0,0,0,0,0,0,0,0,0,0,0,0,0,0,0,0,0,0,0,0,0,0,0,0,0,0,0,0,0,0,0,0,0,0,0,0,0,0,0,0,0,0,0,0,0,0,0,0,0,0,0,0,0,0,0,0,0,0,0,0,0,0,0,0,0,0,0,0,0,0,2.19192,2.19192,2.18033,0,0,0,0,0,0,0,0,0,2.19192,8152.91,129.914,0,0,0,6.57576,0,0,0,0,0.723566,0,0,0,0,0,0,0,0,4.38384,0,0,0,0,0,0,0,0,0,0,0
 17.5,0,0,0,0,0,0.661136,0,0,0,0,0,0,0,0,0,0,0,0,0,0,0,0,0,0,0,0,0,0,0,0,0,0,0,0,0,0,0,0,0,0,0,0,0,0,0,0,0,0,0,0,0,0,0,0,0,0,0,0,2.11506,0,0,0,0,0,0,0,0,0,0,0,0,0,0,0,0,0,0,0,0,0,0.0111869,0,0,2.11506,0,0,0,0,0,2.11506,2.11506,7801.55,142.835,2.11506,0,4.23012,11.2364,0,0,0,0,0,0,0,0,0,0,0,0,0,0,0,0,0,0,0,0,0,0,0,0,0
 18.1,0,0,0,0,0,2.67468,0,0,2.04074,0,0,0,0,0,0,0,0,0,0,0,0,2.04074,0,0,2.04074,0,0,0,0,0,0,0,0,0,0,0,0,0,2.04074,0,0,0,0,0,2.04074,0,0,0,2.04074,0,0,0,2.04074,0,0,0,0,0,0,0,0,0,0,0,0,0,0,0,0,2.04074,0,0,0,0,0,0,0,0,0,0,0,0,1.27185,0,0,0,0,0,0,0,2.04074,7495.99,137.217,0,0,0,2.67468,0,0,2.04074,0,2.04074,0,0,0,0,0,0,0,0,0,0,0,0,0,0,0,2.04074,0,0,2.04074,0
 18.8,0,0,0,0,0,0.742794,1.97146,0,0,0,0,0,0,0,0,0,0,0,0,1.97146,1.97146,0,0,0,0,0,0,0,0,0,0,0,0,0,0,0,0,0,0,0,0,0,0,0,0,0,0,0,0,0,0,0,0,0,0,0,0,0,0,0,0,0,0,0,0,0,1.97146,0,0,0,0,0,0,0,0,0,1.97146,0,0,0,0,0,0.742794,0,0,0,0,0,0,0,1.97146,6946.08,100.332,0,0,0,2.71426,0,0,0,0,0,0,0,3.94293,0,0,0,0,0,0,0,0,0,0,1.97146,0,0,0,0,1.97146,0
 19.5,1.90442,0,0,1.90442,0,0,0,0,0,0,0,0,0,0,0,0,0,0,0,0,1.90442,0,0,0,0,0,0,0,1.90442,0,0,0,0,0,0,0,0,0,0,0,0,0,0,0,0,0,0,0,0,1.90442,1.90442,0,0,0,0,0,0,0,1.90442,0,1.90442,0,0,0.422009,0,0,0,0,0,0,0,0,0,0,0,0,0,0,0,0,0,0,1.90442,0,0,0,0,0,0,0,1.90442,6668.6,117.499,1.90442,0,1.90442,3.80883,0,0,0,1.90442,0,0,0,0,0,1.90442,0,0,1.90442,0,0,0,0,0,0,0,0,0,0.422009,0,0
 20.2,0,3.67923,1.83962,0,0,0.93577,1.83962,1.83962,0,0,0,0,0,0,1.83962,0,0,0,0,0,0,1.83962,0,0,0,0,0,0,0,0,0,0,0,0,0,0,0,0,0,0,0,0,0,0,0,0,0,0,0,0,0,0,0,0,0,0,0,0,0,0,0,0,0,3.27158,0,0,4.615,0,1.83962,1.83962,0,0,0,0,0,0,0,0,0,0,0,0,0,1.83962,0,0,0,0,0,1.83962,3.67923,6186.05,108.027,0,0,0,4.615,1.83962,0,0,0,0.93577,0,0,0,0,1.83962,0,0,0,0,1.83962,0,0,0,0,0,1.83962,0,1.43197,0,0
 20.9,0,1.77706,3.55411,1.77706,0,2.65017,1.39897,0,0,1.77706,0,0,0,0,0,0,0,0,0,1.39897,1.39897,0,0,1.77706,0,1.77706,0,0,0,0,1.77706,0,0,0,0,0,0,0,0,0,0,0,1.77706,0,0,0,0,0,1.77706,1.77706,0,0,0,0,0,0,0,0,0,0,0,0,0,3.55411,0,0,0.873109,0,0,0,0,0,0,0,0,0,0,0,0,0,0,0,0,0,0,0,0,0,0,0,1.77706,6026.28,77.6065,0,0,0,0.873109,0,1.77706,0,0,0.873109,0,0,1.77706,0,0,1.77706,0,1.77706,0,0,0,0,0,0,0,0,0,0,0,0
 21.7,0,0,0,0,3.43722,1.71861,0.365652,1.71861,0,1.81644,0,0,1.71861,0,1.71861,1.71861,0,0,0,0.365652,0.463484,0,0,0,3.43722,0,0,0,0,0,0,0,0,0,0,0,1.71861,0,0,0,0,0,1.71861,0,0,0,1.71861,5.15583,0,3.43722,0,0,0,0,0.0978315,0,0,0,0,1.71861,1.71861,0,0,0,0,0,1.71861,0,0,0,0,0,0,0,0,0,0,0,0,0,0,0,0,0,0,0,0,0,0,0,8.59304,5813.65,78.5953,0,0,1.71861,5.25366,0,0,0,3.43722,0,0,0,0,1.71861,0,0,0,0,1.71861,0,0,0,1.71861,0,0,0,0,3.43722,0,0
 22.5,1.66388,0,1.66388,0,0,0,0,1.66388,0,1.56916,0,3.32775,0,1.66388,0,0,0,0,0,0,2.09721,0,0,3.32775,3.32775,0,3.32775,0,3.32775,0,1.66388,0,1.66388,0,0,0,0,0,0,0,0,0,1.66388,0,0,0,1.66388,1.66388,0,0,0,1.66388,0,0,3.23304,0.528049,0,0,0,0.528049,0,0.528049,1.66388,1.66388,0,0,3.32775,0,0,0,0,0,0,0,0,0,2.19193,0,0,0,0,0,0,1.66388,0,1.66388,0,0,0,0,3.32775,5443.31,84.0202,0,0,0,6.56079,0,0,0,0,1.66388,0,3.32775,0,0,0,0,0,0,0,0,0,0.528049,1.66388,0,0,1.66388,0,0,0,0
 23.3,1.61086,0,0,1.61086,0,4.13695,0,0,0,3.22172,1.61086,0,0,1.61086,0,0,0,0,0,0,1.09964,0,0,3.22172,0,1.61086,0,0,0,1.61086,1.61086,1.61086,0,0,0,1.61086,0,0,1.61086,0,0,0.915226,0,1.61086,0,0,1.61086,0,0,0,0,0,4.83258,0,0,4.32136,0,0,0,1.09964,0,1.09964,0,0,0,0,6.44344,0,0,0,0,0,0,0,0,1.61086,1.09964,0,0,0,0,0,0,0,0,0,1.61086,0,0,0,2.52609,5314.43,82.4507,0,0,0,1.61086,0,0,0,0,0,0,0,1.61086,0,0,0,0,0,0,0,1.61086,1.09964,0,2.52609,1.61086,0,1.61086,1.61086,0,0
 24.1,0,0,3.10677,2.80994,0,2.2242,1.25656,0,0,4.36333,0,1.55339,0,3.10677,0,0,1.55339,0,0,1.55339,0,0,1.55339,1.25656,0,1.25656,0,0,0,0,0,0,1.55339,1.55339,0,0,0,3.10677,0,1.55339,1.55339,0.670815,3.10677,1.55339,0,1.55339,0,0,0,0,0,0,0,0,3.10677,0,0,0,1.55339,0,0,0,1.55339,0,0,1.55339,7.76693,0,0,0,0,0,0,0,0,0,0,0,0,0,0,0,0,0,0,0,0,0,0,0,3.77759,5126.32,67.316,0,0,0,6.21354,0,0,0,0,0,0,0,0,0,1.55339,0,0,0,0,1.55339,1.55339,0,1.55339,0.670815,0,2.80994,1.55339,0,0,0
 25.0,1.50852,0,7.54259,3.30529,1.50852,1.50852,0.288254,1.50852,0,1.79677,1.50852,0,1.50852,0,1.50852,0,0,0,0,3.01703,3.07618,4.52555,3.01703,1.79677,3.01703,3.30529,0.0591455,1.56766,3.01703,0.0591455,1.50852,1.56766,0,6.09321,0,0,0,0,0,1.50852,0,0,0.0591455,1.56766,3.01703,1.50852,0,0,0,0,1.50852,1.50852,0,0,0,1.50852,0,1.50852,0,3.01703,1.50852,0,0,0,3.01703,0,7.60173,0,0,0,0,0,0,0,0,0,0,0,0,0,0,0,0,0,0,0,0,0,0,0,1.50852,4887.15,82.6715,1.50852,0,0,3.01703,0,1.50852,0,0,0,0,0,0,1.50852,0,0,3.01703,1.50852,0,0,0,0,3.01703,1.50852,0,1.79677,0,0,0,0
 25.9,1.46616,2.93232,0,1.46616,0,2.93232,0,2.93232,1.46616,2.93232,0,0,0,1.84531,0,0,0,1.46616,0,1.46616,2.87484,2.93232,3.31147,1.46616,0.379144,5.86465,2.87484,1.40868,1.46616,1.40868,2.93232,4.341,1.46616,1.40868,1.46616,1.46616,1.46616,0,1.84531,0,0,0,1.40868,4.72015,0,0,1.46616,4.39849,0.379144,1.46616,4.39849,0.379144,0,2.93232,0.379144,0,0,2.93232,1.46616,0,0,0,5.86465,0,2.93232,0,17.5365,0,0,0,0,0,0,0,0,0,0,1.46616,0,0,1.46616,0,1.46616,0,0,0,0,0,0,0,0,4346.66,73.3857,0,0,0,0,1.46616,0,1.46616,0,0,0,0,1.46616,0,0,0,0,0,1.46616,1.46616,1.46616,0,0,1.46616,0,0,0,1.46616,0,0
 26.9,0,0,0,1.42612,0,1.42612,0,0,2.85223,1.42612,1.42612,0,0,7.42725,0,0,0,0,0,0,4.94381,1.42612,2.48344,7.13058,3.90956,4.27835,2.85223,1.42612,2.85223,0,2.09157,2.85223,1.42612,2.85223,4.27835,0,0.66546,1.42612,2.48344,2.85223,2.85223,1.42612,2.09157,1.05733,0,0.66546,0,0,3.90956,1.42612,1.42612,1.72279,0.66546,1.42612,2.48344,1.42612,0,0,0,2.09157,2.85223,2.09157,5.70446,1.42612,1.42612,0,9.88761,0,1.42612,1.42612,0,0,0,0,0,0,0,0,0,0,0,0,0,0,0,0,0,0,0,0,1.42612,4258.45,69.1272,0,0,0,2.09157,0,0,0,0,0,0,1.42612,2.09157,0,1.42612,0,1.42612,0,0,2.85223,0,0,2.85223,0,0.66546,0,2.85223,0,0,0
 27.9,2.75203,1.37602,1.37602,2.75203,0,0,1.37602,0,0,2.28806,0,2.75203,0.912041,2.10995,0,0,0,0,0,4.12805,3.48596,0,1.37602,5.50406,2.75203,3.66407,1.37602,0,0,1.37602,0.733933,1.37602,2.28806,1.37602,1.37602,2.28806,4.39801,4.12805,2.75203,0,0.912041,3.66407,4.86198,5.50406,1.37602,2.10995,1.37602,4.12805,0,4.12805,1.37602,6.68606,3.48596,1.37602,2.75203,0,2.75203,1.37602,2.75203,0.733933,4.12805,2.10995,1.37602,1.37602,1.37602,1.37602,19.8041,0,5.95213,0,0,0,0,0,0,0,0,0,0,0,0,0,0,0,0,0,0,0,0,0,2.28806,4122.4,57.5883,0,0,1.37602,0.733933,0,1.37602,0,0,1.37602,1.37602,1.37602,2.10995,2.75203,0,0,0,0,0,0,0,0,1.37602,0.912041,3.48596,0,2.75203,0,0,0
 28.9,1.34067,2.68134,0,0,0,0,1.34067,0,0,0.452056,0,0,3.1334,4.02201,2.68134,0,1.34067,0,0,1.34067,5.15712,5.36268,4.02201,1.34067,5.15712,5.40361,4.02201,0,1.1351,6.49779,3.81645,1.34067,3.1334,1.34067,1.34067,3.1334,4.06293,1.34067,1.34067,2.47577,1.79273,3.1334,2.68134,1.34067,0,1.34067,6.70335,1.34067,5.36268,1.34067,5.15712,3.58545,4.02201,5.15712,0,2.47577,4.02201,3.81645,1.34067,2.68134,1.34067,1.1351,2.68134,1.34067,1.34067,1.34067,10.2888,0,0.904112,0,0,0,0,0,0,0,1.34067,0,0,0,1.34067,0,0,0,0,0,0,0,0,0,1.79273,3915.3,69.5657,1.34067,0,0,5.36268,0,0,0,0,0,0,1.34067,0,2.68134,0,0,0,2.68134,1.34067,1.34067,1.1351,1.1351,0,4.47407,0,0,0,1.34067,0,0
 30.0,1.29629,0,0,3.88887,0,1.29629,0,1.29629,0,0.0229095,2.59258,0,6.48144,0.0229095,1.29629,0,2.59258,1.29629,1.29629,5.18515,1.51796,1.29629,2.59258,2.59258,1.49505,2.9901,0,0,4.11054,2.79134,5.40682,2.59258,2.59258,1.29629,5.18515,5.18515,1.69381,2.59258,3.88887,0.221671,3.88887,3.88887,3.88887,1.29629,0,5.23097,5.18515,2.59258,2.59258,0.0229095,4.08763,6.48144,1.29629,2.81425,0.0229095,2.79134,0,1.51796,2.59258,0,2.61549,1.49505,2.59258,1.29629,3.88887,2.59258,16.8747,1.29629,1.29629,1.29629,0,1.29629,0,0,0,0,0,0,0,0,0,0.0229095,0,0,0,0,0,0,0,0,1.3192,3637.25,56.52,0,0,0,1.29629,0,0,0,0,5.18515,0,0,1.29629,0,0,0,0,0,0,2.61549,0.198761,4.08763,1.29629,0,0,2.59258,0,0,0,0
 31.1,1.26486,2.52973,0,1.26486,0,0,1.26486,1.26486,0,1.24251,1.26486,1.26486,3.79459,3.77224,1.26486,0,1.26486,0,0,6.32432,2.50737,5.05945,5.05945,2.52973,4.01631,1.26486,3.79459,1.26486,2.50737,2.52973,3.77224,2.75144,7.58918,3.79459,5.05945,5.05945,5.05945,2.75144,3.79459,2.50737,2.52973,6.32432,2.97316,2.52973,3.79459,3.74988,2.52973,2.52973,5.50289,6.52368,3.79459,6.32432,6.32432,1.24251,5.0371,0.221717,3.79459,6.30196,4.01631,1.26486,5.0371,4.01631,1.26486,5.05945,5.28117,1.26486,11.3614,1.26486,2.75144,0,0,0,0,0,0,0,0,0,0,0,0,1.24251,0,0,0,0,1.26486,0,0,0,1.46423,3479.66,55.0972,0,1.26486,0,2.52973,1.26486,0,0,0,0,0,2.52973,0,1.48658,3.79459,2.52973,1.26486,1.26486,0,3.99395,0,1.26486,1.26486,1.26486,0,2.52973,1.26486,0,0,0
 32.2,0,2.46984,1.23492,2.46984,1.23492,0,3.70476,1.23492,1.23492,2.46984,0,0,3.70476,10.2732,3.70476,0,1.23492,1.23492,0,0.393886,6.1746,3.70476,1.23492,6.1746,3.88218,2.46984,3.70476,0,4.93968,2.46984,1.23492,4.72321,0.393886,2.46984,3.70476,4.93968,5.33357,2.64726,3.70476,2.46984,1.23492,2.46984,6.97658,4.09865,3.70476,4.93968,4.93968,1.23492,6.97658,2.25337,4.93968,0,9.87936,1.23492,1.23492,4.72321,11.1143,2.46984,6.35202,1.23492,2.46984,3.48829,1.62881,2.46984,4.72321,0,7.80341,1.23492,5.1171,0.393886,0,0,0,0,0,0,0,0,1.23492,0,0,1.23492,0,0,0,0,0,0,0,0,2.25337,3398.33,41.0681,1.23492,0,0,1.23492,0,2.46984,0,0,0,0,0,3.70476,3.48829,1.62881,0,0,1.23492,0,3.48829,2.86373,0,1.23492,0,1.23492,1.23492,0,1.23492,0,0
 33.4,0,1.19715,0,0,0,0,0,0,1.19715,0,2.39429,0,4.12788,14.5204,3.46717,0,2.39429,2.39429,0,4.40675,5.32503,4.78859,4.12788,2.39429,5.47962,6.52217,5.32503,0,4.12788,1.19715,4.66432,5.98574,4.40675,1.73358,1.19715,4.78859,4.40675,7.99819,5.32503,4.12788,5.98574,8.38003,2.39429,2.01246,7.18288,1.19715,7.18288,3.59144,0.536437,1.19715,1.73358,3.59144,3.59144,4.78859,8.38003,4.12788,3.59144,4.78859,2.01246,5.98574,2.39429,4.12788,5.6039,2.93073,2.93073,2.27002,9.19534,0,0.815309,0.815309,0,0,0,0,0,0,0.536437,0,0,0,0,1.19715,0,0,0,0,0,0,0,0,1.19715,3262.31,45.8311,0,0,0,1.19715,0,0,0,0,1.19715,0,1.19715,0,1.19715,4.40675,0,1.19715,2.39429,0,1.19715,0.815309,1.19715,2.39429,1.19715,1.19715,0,2.93073,1.19715,0,0
 34.6,2.34056,0,0,1.17028,0,1.17028,2.99837,0,0,0,0,1.17028,12.494,17.833,4.8026,0,4.68112,0,0,2.34056,8.32537,2.34056,8.83784,8.19195,1.29176,7.66756,4.15672,2.34056,1.81616,4.82647,5.97288,4.16865,2.34056,4.30207,5.8514,7.67949,4.68112,5.8514,3.64426,3.64426,4.16865,2.34056,7.67949,10.6779,3.65619,7.16703,2.34056,7.67949,2.98644,5.8514,5.327,2.34056,5.8514,4.16865,5.8514,6.49728,2.34056,2.34056,2.99837,4.16865,2.99837,4.15672,5.33893,4.15672,5.327,4.8026,17.0417,1.17028,3.51084,0,0,0,0,0,0,0,1.81616,0,0,0,0,0,0,0,0,0,0,1.17028,0,0,1.17028,3031.53,36.8004,0,1.17028,0,2.34056,1.17028,0,0,0,0,2.34056,0,2.34056,0,3.51084,1.8281,1.17028,0,3.51084,0,4.16865,0,0,1.17028,1.8281,0,1.81616,1.17028,0,0
 35.9,2.27258,1.13629,0,0,1.13629,0,0.49758,0,0,0,0,1.13629,25.6076,14.7423,5.68145,0,5.29551,0,0,0,3.90645,2.27258,6.81774,7.56809,11.3629,3.40887,3.40887,1.13629,3.40887,6.29067,6.4318,7.31532,1.13629,10.8358,6.81774,5.04274,3.40887,2.27258,9.58791,6.17903,6.17903,7.56809,10.7242,7.8129,5.54032,8.94919,3.40887,2.38422,7.56809,5.29551,10.977,6.4318,2.27258,7.31532,4.54516,5.29551,4.90956,6.81774,3.90645,6.92938,3.90645,6.04586,9.20196,2.63698,4.15922,3.40887,22.4515,0,4.54516,2.27258,0,0,0,0,0,0,0,0,0,0,0.750346,0,0,0,0,0,0,0,0,0,0,2970.41,41.6273,0,0,0,2.27258,0,0,0,0,2.63698,2.27258,1.13629,2.27258,1.13629,3.40887,0.49758,1.13629,0,0,0,2.77016,1.50069,1.13629,3.40887,0.49758,3.40887,0,1.13629,0,0
 37.2,0,0,1.11205,0,0,1.11205,0,1.93738,0,1.11205,2.22409,2.22409,16.1983,16.7717,4.44818,0,6.76328,0,0,3.04943,5.56023,4.98681,6.67228,2.31509,1.11205,5.27352,1.11205,0,5.56023,3.71385,2.6018,7.49761,6.38557,7.04999,3.87477,4.44818,10.2603,2.22409,4.44818,1.11205,8.89637,1.48976,4.44818,1.11205,7.2109,10.547,9.435,6.76328,13.9742,8.70066,3.71385,2.6018,9.72171,4.16148,5.27352,5.93794,2.6928,2.22409,4.44818,7.04999,7.2109,2.97951,1.48976,9.65179,6.47657,1.11205,13.8133,0.825337,2.76272,0,0,0,0,0,0,0,1.11205,0,0,0,0.37771,0,0,0,0,0,0,0,0,0,1.11205,2881.63,32.718,0,0,0,3.04943,1.11205,0,0,0,2.97951,1.11205,0.825337,2.22409,3.04943,0,0,2.22409,2.22409,2.22409,6.67228,0,1.86747,3.33614,2.22409,1.11205,1.11205,0,2.22409,0,0
 38.5,1.0813,2.1626,0,0,0,0,0,0.278782,1.0813,0.872525,2.1626,2.1626,19.2184,16.2895,3.2439,0,8.51163,0,0,3.52268,3.2439,1.63886,2.1626,3.52268,4.3252,4.39521,4.3252,1.0813,2.1626,3.2439,12.7668,3.52268,5.4765,3.03512,4.88276,8.44162,7.32414,8.44162,9.7317,5.4065,5.19772,6.4878,8.23285,4.11642,3.80146,4.67399,6.62781,6.5578,7.32414,3.80146,9.10537,5.4065,7.43033,5.4765,4.39521,7.5691,3.97766,5.19772,9.52292,9.52292,10.2893,6.27902,3.2439,3.2439,6.62781,2.1626,10.0105,2.44138,3.59269,1.0813,0,0,0,0,0,1.0813,1.95382,0,0,0,0,0,1.0813,0,0,0,0,0,0,0,0.872525,2634.2,29.9288,0,0,0,1.36008,0,0,0,0,3.2439,0,2.23261,1.0813,3.52268,0.872525,1.95382,3.2439,4.11642,2.1626,5.19772,0,1.95382,3.03512,1.0813,0,0,4.11642,1.0813,0,0
 40.0,0,2.11862,0.90452,1.05931,1.05931,0,0,0,0,0.204529,1.96383,3.02314,25.8636,27.1274,9.37901,1.05931,6.45534,2.11862,0,0,5.14176,2.11862,5.29655,1.05931,4.08245,3.22767,2.11862,1.80904,5.29655,2.86835,6.56039,4.23724,7.46491,3.22767,6.35586,6.09602,6.35586,7.46491,4.23724,10.4383,7.6197,3.17793,5.70561,7.46491,11.6524,6.4056,5.70561,6.56039,7.41517,6.35586,5.91014,11.3428,7.66944,7.6197,8.52422,6.20107,5.75535,5.50108,3.38246,5.50108,7.26038,11.8569,8.31969,10.4383,5.55082,3.02314,7.41517,0.90452,2.16836,2.11862,0,0,0,0,0,0,0.204529,0,0,0,0,0,0,0,0,0,1.05931,0,0,0,1.26384,2563.42,27.5365,0,0,0,1.96383,0,0,0,0,2.11862,2.11862,0.204529,3.02314,0,1.10905,0.204529,3.17793,2.32315,0,3.38246,1.05931,3.38246,1.26384,1.05931,0,0,2.32315,2.11862,0,0
 41.4,1.03136,0,0.150707,0,0,2.06272,0,1.94135,0,0,1.18207,3.24479,23.8386,22.9287,10.4643,0,6.36821,4.00407,0,1.03136,4.15478,5.15681,2.97271,4.12545,4.27616,2.21343,5.15681,3.3955,4.00407,5.33685,6.0668,4.12545,8.15885,9.43297,10.0709,10.6444,6.0668,6.33888,4.12545,9.19021,11.1022,8.91813,10.9808,8.40161,11.2236,4.15478,9.28226,3.09409,4.12545,3.09409,9.16088,6.36821,2.09205,8.12952,4.0334,6.33888,11.3743,4.12545,9.28226,8.2509,6.09612,4.12545,7.24887,5.30752,11.4957,7.37024,8.12952,1.18207,0.150707,2.06272,0,0,0,0,0,0,3.09409,0,0,0,0,0,0,0,0,0,0,0,0,0,1.03136,2528.3,28.0855,0,0,0,2.21343,0,0,0.909983,0,1.03136,2.06272,0.909983,2.21343,1.03136,2.21343,2.97271,4.12545,3.09409,1.03136,1.94135,1.03136,1.03136,4.00407,1.03136,3.09409,1.03136,1.94135,1.03136,0,0
 42.9,1.01133,0,0.901576,0,0,0,0,0.119021,1.9129,0,0,1.01133,30.4867,27.4434,13.0375,0,6.18699,1.13035,0,4.04531,2.14168,4.94689,2.14168,0.901576,3.03398,5.05664,2.02266,0,7.19831,5.06591,8.20964,6.06797,7.20758,5.05664,9.23024,6.18699,11.0241,3.03398,6.06797,7.31733,3.27202,4.40237,7.3266,8.09062,11.0241,12.1452,7.98087,4.72738,7.07929,10.9051,4.05458,14.1679,8.09989,7.19831,4.1736,2.81448,9.22097,5.84846,6.06797,4.94689,4.28335,8.9922,8.09989,8.9922,15.7422,3.03398,8.09989,0,1.01133,2.02266,0,0,0,0,0,0,1.01133,0,0,0,0,0,0,1.01133,0,0,0,0,0,0,3.03398,2356.26,28.2352,0,0,0,1.01133,1.9129,0,0.119021,0,5.05664,2.02266,3.04325,0,2.02266,0,6.18699,3.03398,2.02266,2.02266,1.13035,3.03398,1.01133,2.03192,4.04531,0,2.92423,1.13035,2.92423,0,0
 44.5,0,0.985811,2.0786,0.985811,0,0,0,1.97162,1.09279,0,0,0,26.7024,29.9501,4.91833,0,16.5234,0,0.985811,2.95743,0.985811,2.0786,4.81134,1.09279,5.91487,5.91487,4.92906,0.985811,4.81134,3.93252,7.76878,8.75459,8.97928,4.92906,8.97928,4.92906,4.15721,1.85391,6.78297,1.97162,7.76878,8.8723,6.77224,11.8297,9.71894,7.00766,7.00766,9.19325,3.70782,7.86503,7.00766,9.96509,8.97928,8.75459,10.7155,4.0395,7.88649,7.98274,10.7262,5.03604,6.90068,9.84738,9.72967,6.88995,5.23927,0.985811,9.96509,1.97162,0.985811,1.85391,0,0,0,0,0,0,1.85391,0,0,0,0,0,0,0,0,0,0,0,0,0,0.985811,2314.79,35.2109,0.985811,0,0,3.94324,0.106982,0,0,0,0.985811,0.985811,4.91833,3.94324,2.95743,0,3.94324,0.8681,3.82553,3.94324,0.8681,1.85391,2.95743,3.06442,2.95743,1.97162,3.06442,0,3.06442,0.985811,0
 46.1,0.96748,0,0.96748,0,0.96748,0,0.96748,0,0.96748,0,1.78873,0,42.2152,25.5244,14.0428,0,11.8408,0,0,5.80488,0.96748,2.90244,3.83921,5.80488,3.86992,4.54494,1.93496,3.86992,3.69298,4.95292,1.083,6.88788,0.96748,7.44738,4.69117,10.3498,8.70732,6.59542,3.01796,11.6098,4.80669,8.56109,7.82465,7.59361,9.87514,3.72369,5.65865,2.90244,11.6946,8.79213,8.70732,12.431,6.77236,3.83921,7.82465,5.77417,11.9923,11.7253,8.82284,6.77236,7.44738,8.67661,7.82465,6.88788,6.88788,1.93496,7.73984,0,0.96748,1.083,0,0,0,0,0,0,2.05048,0,0,0,0,0,0,0,0,0,0,0.96748,0,0.96748,3.86992,2107.61,35.6125,0,0,0,0,0,0,0,0.96748,3.86992,3.72369,1.083,2.90244,1.93496,2.75621,0.96748,3.01796,4.95292,2.75621,1.083,2.87173,2.90244,1.93496,2.90244,0,1.93496,2.90244,0.96748,0,0
 47.8,0,0,0.94409,0,1.88818,0,0,0,0,0,1.08678,0.94409,46.8096,54.0265,14.9037,0,12.08,1.69505,0,4.52732,2.83227,3.77636,1.08678,2.83227,1.88818,5.00584,3.77636,2.83227,5.00584,6.60863,4.72045,3.77636,7.35959,13.5027,15.055,7.64498,9.24777,6.50775,9.4409,5.27827,3.91906,8.63951,5.80724,4.86315,6.55819,8.63951,6.75133,5.66454,2.97496,7.69542,8.49681,7.69542,8.49681,8.63951,6.75133,8.63951,5.09809,6.60863,6.60863,8.49681,10.6704,5.6141,5.80724,6.60863,8.30368,5.47141,4.72045,0,0,1.88818,0,0,0,0,0,0,0.94409,0,0,0,0,0,0,0,0,0,0,0,0,0,0,2054.8,20.2958,0,0,0,0,0.94409,0,0,0,3.77636,2.97496,6.60863,4.14105,2.83227,4.86315,1.88818,3.77636,1.88818,1.08678,4.52732,2.03087,4.72045,1.88818,1.88818,1.88818,3.77636,0.94409,3.77636,0,0
 49.6,0.927253,0,0,0,0,0.927253,0.927253,0.927253,0,0,0.927253,0,42.0412,54.6922,7.91664,0,16.6201,0.18969,0,2.0442,2.52162,1.85451,3.70901,2.78176,0.927253,2.78176,4.63626,1.85451,0,4.37612,4.63626,4.37612,9.46222,4.63626,9.20208,3.63856,11.3167,3.82825,4.63626,8.20438,6.89774,6.23063,5.56352,7.15788,4.82595,8.75225,6.23063,8.34527,7.41802,9.01239,9.93964,11.127,9.56619,11.534,9.27253,7.15788,9.46222,9.93964,8.08513,9.01239,4.11598,11.7237,7.15788,3.70901,6.42032,7.34757,4.37612,0,0,1.85451,0,0,0,0,0,0,2.78176,0,0,0,0,0,0,0,0,0,0,0,0,0,0,1966.17,25.1551,0,0,0,0,0,0,0,0,4.63626,3.44887,2.78176,2.42358,1.85451,1.85451,0.667113,0.667113,2.78176,1.85451,0.856803,0.927253,4.63626,3.44887,3.70901,2.52162,4.37612,4.63626,2.78176,0,0
 51.4,0.911,0.911,0,0,0,0,2.733,0,0.564855,0.911,0.911,5.466,55.2463,43.3496,18.6943,0.911,21.4273,2.733,0.911,7.85285,3.55343,3.644,0.911,2.04071,1.822,1.822,0.911,0.564855,2.733,10.8414,7.85285,6.28643,3.644,8.07156,5.37543,8.10843,5.466,2.98858,4.555,8.71016,7.10687,4.46443,6.03085,5.94029,4.42756,7.10687,7.54358,5.466,4.555,4.11829,10.8414,7.288,6.08848,6.54201,4.77371,6.85129,7.288,3.55343,4.81058,11.1876,8.92887,6.88816,9.36558,3.644,3.55343,1.16658,4.81058,0,0,0.911,0,0,0,0,0,0,0,0,0,0,0,0,0,0,0,0,0,0,0,0,1.822,1978.36,24.8526,0,0,0,0,0.911,0,0,0,1.822,4.46443,2.733,5.11985,0,1.822,3.89958,1.73143,4.555,1.822,2.98858,2.733,2.38685,4.81058,0.911,0.25558,1.73143,5.466,1.822,0,0
 53.3,3.5812,0.895301,0.895301,0,1.7906,0,0,0,0.34018,0.895301,0.895301,6.26711,53.2693,46.6753,13.6455,0,19.024,3.13022,0,7.50259,3.02608,2.23492,0.895301,0.68036,0,0,1.7906,1.23548,0.444316,7.50259,3.92138,5.70532,2.6859,9.52256,7.9469,6.60728,12.0832,3.13022,8.95301,6.71142,2.91528,9.29319,4.81668,9.63337,9.07158,8.7314,8.95301,6.71142,3.5812,7.84277,3.92138,8.95301,8.94634,5.71198,3.36626,10.5287,7.15574,4.3657,6.71142,9.84164,4.70588,6.26711,5.81612,7.60672,5.71198,4.4765,0.444316,0.895301,0,2.23492,0,0,0,0,0,0,2.6859,0,0,0,0,0,0,0,0,0,0,0,0,0,0,1877.41,27.7477,0,0,0,1.7906,0,0,0,0,3.57453,5.71198,4.02552,4.81668,3.5812,1.7906,2.6859,0.34018,1.7906,3.5812,6.26711,3.5812,4.81668,3.5812,3.5812,1.7906,5.71198,4.02552,4.92082,0,0
 55.2,0.880128,1.76026,0.880128,0,0,1.76026,0.880128,0.880128,0,0.880128,0,2.64038,56.9143,60.0794,13.964,1.18573,22.1842,3.38932,0.305599,2.94598,1.18573,2.2036,3.52051,1.76026,0.880128,2.06586,1.76026,0.880128,4.84398,3.52051,3.25158,7.35318,10.0237,3.38932,6.90984,7.04102,5.45518,9.24462,5.58637,2.2036,8.67009,7.92115,5.58637,6.1609,7.04758,5.28732,5.28077,5.14958,7.65222,2.94598,6.77209,2.06586,4.13827,6.46649,5.28077,8.22675,2.64694,4.84398,4.26945,10.2992,4.26945,3.25158,6.90984,3.69492,5.58637,7.04102,1.62907,1.76026,1.76026,0.443342,0,0,0,0,0,0,0.880128,0,0,0,0,0,0,0,0,0,0,0,0.305599,0,0,1766.43,16.729,0,0,0,0.880128,0,0,0,0,5.59292,3.52051,4.84398,3.52051,2.64038,1.76026,2.06586,3.52051,4.40064,1.76026,4.40064,2.06586,4.40064,2.67705,6.46649,2.06586,2.64038,2.2036,1.32347,0.880128,0
 57.3,1.01423,1.73091,1.73091,1.73091,0,0.865455,1.73091,0.865455,0.865455,0,0,3.19148,65.9912,56.2398,12.9789,4.02677,20.4675,1.43041,0.56495,5.18978,2.29586,0.865455,1.73091,0,0.148779,4.89222,0.865455,1.73091,2.59636,4.32727,1.99536,3.31009,5.72162,5.75768,4.17555,5.19273,7.18808,3.46182,3.31009,1.73091,5.75768,4.47605,6.92069,10.5342,6.20696,8.80333,2.17725,7.78615,8.05354,10.9504,5.75473,6.62313,5.60595,4.89222,3.46182,4.17555,3.46182,5.19273,5.90646,4.7405,1.43041,5.45717,6.05524,4.7405,0.56495,1.73091,2.29586,0.865455,0.865455,0.865455,0,0,0,0,0,0,1.01423,0,0,0,0,0,0,0,0,0,0,0,0.56495,0,0.865455,1631.03,16.4709,0,0,0,0.865455,0.865455,0,0,0,3.16131,4.47605,5.34151,5.34151,3.6106,2.59636,0.56495,1.01423,5.19273,3.46182,4.32727,4.89222,1.73091,6.31968,6.05524,4.89222,1.73091,2.59636,0.148779,0,0
 59.4,0.704919,0,0,0,1.67642,1.70251,0,0,0.851257,0.825158,0,5.34735,79.4377,58.741,18.3567,3.40503,20.0331,3.40503,0,6.49128,1.70251,1.70251,1.70251,3.37893,1.55618,0,1.67642,0.851257,1.70251,3.37893,3.40503,3.23259,3.40503,0.851257,4.90901,1.70251,5.10754,4.25629,2.40743,1.70251,1.67642,7.46278,3.96361,6.63762,5.81246,7.48888,4.66853,2.2611,1.67642,3.40503,5.61393,5.05535,3.23259,4.23019,6.78396,4.05775,5.10754,5.9588,4.10995,5.78636,3.40503,5.9588,3.93751,1.55618,1.70251,3.40503,1.70251,0.851257,0,0.851257,0,0,0,0,0,0,1.55618,0,0,0,0,0,0,0,0,0,0,0,0,0,0,1571.56,23.7562,0,0,0,0.851257,0,0,0,0,2.55377,2.40743,2.40743,4.9612,3.25869,1.67642,2.50157,1.55618,1.70251,0.851257,0.851257,0.851257,0,3.88531,4.81487,3.40503,4.25629,5.05535,3.25869,0,0
 61.5,1.67502,1.45601,2.51254,0,2.53821,0,0.837512,2.51254,2.51254,0.863189,0,6.28775,63.3541,66.3175,22.6513,3.35005,30.1761,1.67502,0,5.05075,3.96855,2.29353,1.67502,0.644181,0.837512,0.837512,0.863189,2.91203,1.45601,5.05075,3.35005,3.37572,3.13104,2.51254,5.07642,7.9371,4.18756,2.51254,4.18756,3.35005,4.21324,1.72638,4.18756,2.53821,5.86258,4.83174,3.13104,4.80606,3.37572,1.67502,1.72638,1.72638,4.21324,3.77522,5.88826,3.4014,3.13104,0.837512,1.67502,1.48169,4.18756,8.15611,2.53821,7.28007,8.37512,5.42456,0,0.837512,0,1.45601,0,0,0,0,0,0,1.67502,0,0.837512,0,0,0,0,0,0,0,0,0,0,0,1.67502,1563.4,23.8627,0,0,0,0,0,0.618503,0,0,2.51254,4.58705,5.86258,2.51254,4.18756,3.37572,0.888866,0.618503,1.67502,2.51254,0.837512,0.837512,2.51254,1.75206,6.26208,7.53761,4.58705,2.56389,3.13104,0,0
 63.8,1.21845,1.03972,1.21845,2.47259,0.824197,0.824197,2.86684,0.824197,2.04264,0,2.47259,6.55898,75.7268,65.8688,21.4313,2.04264,21.4692,0.824197,2.47259,9.46042,1.86392,3.08237,4.08529,4.73076,0.824197,2.47259,2.04264,2.07945,3.51232,1.64839,3.29679,4.94518,2.68812,3.29679,4.51524,3.72784,1.64839,0.824197,1.64839,4.12099,3.29679,3.29679,2.04264,2.04264,1.6127,3.90656,3.47662,2.68812,1.64839,4.12099,0,2.04264,6.59358,5.37624,4.94518,3.69104,5.16071,2.86684,4.51524,8.4575,2.47259,5.16071,0.824197,4.37442,2.47259,1.25525,0.824197,0.824197,0.824197,1.86392,0,0,0,0,0,0,0.824197,0,0,0,0,0,0,0,0,0,0,0,0,0,0,1482.53,25.1235,0,0,0,0,0,0.215527,0,0,5.76938,5.77049,5.33943,2.86684,3.29679,0.824197,2.86684,3.90656,0.824197,4.12099,3.29679,4.51524,9.46042,4.94518,7.02463,1.64839,2.4737,6.16363,2.68812,0,0
 66.1,1.23451,1.62259,3.97311,0.811293,0,1.77495,1.23451,1.62259,2.0458,0,0.811293,7.75999,66.604,54.0935,17.5294,5.29098,30.9672,1.77495,0,8.18194,6.49035,2.0458,5.71419,3.00946,3.24517,0.811293,3.66839,2.43388,1.62259,1.62259,0.811293,2.43388,2.43388,0.811293,1.23451,0,0.963655,0,2.43388,4.86776,4.05647,0.811293,2.19816,4.47968,1.65773,1.23451,4.09161,2.43388,2.58624,5.02012,3.39753,2.0458,1.62259,2.58624,1.77495,2.0458,2.43388,2.0458,4.47968,5.67905,1.62259,2.43388,0.811293,4.05647,0.811293,2.43388,0,0,0,0,0,0,0,0,0,0,4.86776,0,0,0,0,0,0,0,0,0,0,0,0,0,0.152362,1400.03,24.5614,0,0,0,2.58624,0,0,0,0,2.89096,1.23451,3.00946,5.5957,3.39753,1.62259,1.53923,3.66839,0.811293,4.20883,4.05647,4.63204,6.10227,3.24517,6.64271,1.62259,5.44334,6.25463,2.43388,0,0
 68.5,0,0.802877,2.10707,0.802877,0.802877,2.25785,2.40863,0,2.30087,1.60575,0,5.62014,59.2089,52.8506,21.9205,3.21151,27.6756,4.66648,0,6.66579,3.10375,2.40863,1.60575,4.45096,1.49799,0,1.60575,3.10375,0.695116,0,1.60575,2.40863,1.60575,0,3.21151,0.802877,3.06073,2.40863,0,0,4.01439,1.60575,4.66648,3.21151,4.01439,3.21151,2.19311,0.802877,3.06073,3.75584,3.06073,0.802877,2.40863,2.25785,4.55872,0,1.60575,1.49799,1.60575,0.802877,0,1.60575,0.802877,1.60575,3.10375,0,0,0.802877,0.802877,2.40863,0.802877,0,0,0,0,0,1.60575,0,0,0,0,0,0,0,0,0,0,0,0,0,1.45497,1368.27,12.5875,0,0,0,2.25785,2.40863,1.60575,1.60575,4.7095,4.36492,4.81726,3.75584,5.31858,3.06073,2.99599,5.31858,5.62014,0.695116,3.86361,0,2.15009,1.60575,4.01439,6.27224,3.10375,4.55872,2.25785,4.60174,0,0
 71.0,0,2.37185,1.5989,1.98537,1.58123,3.16246,1.19476,0,0.896731,0.790616,2.37185,5.95612,67.2252,56.7173,15.9361,4.37489,26.8481,1.58123,0,4.46334,3.26858,2.77599,2.77599,5.74654,0.896731,3.95308,1.58123,1.30087,0.106115,0,0.790616,1.58123,2.37185,1.58123,1.58123,0,2.37185,3.5666,1.58123,3.5666,0.790616,2.37185,2.37185,1.58123,2.37185,3.16246,0.616372,1.19476,1.58123,0.510257,1.58123,2.37185,0,0.790616,0.106115,1.19476,0.790616,0.896731,1.58123,0.790616,0.790616,0.790616,1.58123,0.790616,1.68735,2.37185,0,0.404141,0,3.95308,0,0,0,0,0,0,1.98537,0,0,0,0,0,0,0,0,0,0,0,0,0,0,1338.53,18.3079,0,0,0,1.5989,7.51968,10.6821,6.36026,6.44871,1.58123,6.72907,0.896731,1.58123,3.5666,1.79346,2.37185,3.95308,2.47796,3.16246,0.790616,1.68735,1.58123,1.58123,7.90616,6.04457,0.106115,2.37185,6.53716,0,0
 73.7,2.34783,3.22658,3.89556,1.94778,1.56522,0.782611,2.04392,2.34783,1.56522,0,0.782611,5.15687,68.6901,49.8153,23.4608,5.06074,29.9771,3.13044,1.56522,9.96617,2.44397,2.04392,2.73039,1.66136,3.13044,0.782611,0.974888,5.86084,0.878749,2.34783,0.782611,2.34783,0.878749,0.782611,2.34783,1.56522,0,1.16517,0,1.16517,0.782611,0,0.878749,0.782611,0,0.782611,1.16517,2.73039,0,2.82653,1.56522,0,0.782611,0.782611,0.782611,0.382561,0.878749,0.782611,0.782611,0,0,0.0961387,0,0,2.34783,2.34783,0.782611,0.382561,0,0.878749,0,0,0,0,0,0,5.07822,0,0,0,0,0,0,0,0,0,0,0,0,0,0,1282.73,20.2207,0,0,0,9.56612,6.64345,7.42606,6.32205,10.2526,5.47827,5.07822,4.69566,1.56522,2.82653,2.34783,4.00919,4.7918,1.56522,2.34783,3.13044,0,1.56522,3.32272,18.1923,2.92267,4.69566,3.22658,7.04349,0,0
 76.4,1.54952,3.77863,0.77476,2.32428,3.09904,2.32428,2.53846,1.54952,3.09904,1.62617,0,10.5188,66.9679,55.3017,19.1363,8.28966,29.9354,1.54952,0,9.10678,2.22911,4.55339,2.86634,4.55339,2.86634,3.8738,3.68345,1.54952,3.00387,0.77476,1.54952,2.32428,0.679586,0,0.77476,0,0,0,0,0,0.77476,0,1.9964,0,1.31682,2.32428,0,0.542056,2.32428,1.45435,1.31682,1.31682,0.77476,1.54952,0.77476,0.77476,0.679586,0.77476,1.54952,0,0,4.55339,0.77476,1.85887,0,0.542056,0,1.54952,0.77476,3.00387,0.77476,0,0,0,0,0,2.32428,0,0,0,0,0.77476,0,0,0.77476,0,0,0,0,0,0,1257.36,23.1953,0.77476,0,0,6.00773,4.95791,5.19062,5.32815,5.8702,5.19062,4.64856,4.72521,4.64856,3.00387,1.85887,5.8702,2.77116,3.8738,4.64856,4.72521,0,3.09904,4.22551,16.6217,6.00773,5.96538,2.77116,3.6411,0,0
 79.1,1.53412,3.8353,0,1.71853,1.53412,0.767061,1.22785,1.53412,0.767061,2.4097,0,7.31835,72.5548,52.9768,18.426,3.48304,31.805,2.30118,0.767061,13.0106,5.36943,2.66999,1.76451,3.06824,1.18186,3.06824,1.53412,2.30118,1.53412,0,0,0.184405,0,0.767061,0,0,1.71853,0,0.767061,1.53412,2.30118,0.767061,0.997453,0,0.997453,0.951466,0,0.997453,0,0,0.997453,0.230392,0.184405,0,1.53412,0.767061,0,1.53412,0,0,0.767061,0.767061,0,0.460784,0,0.997453,0,0.767061,0,0.184405,0,0,0,0,0,0,1.53412,0,0,0,0,0,0,0,0,0,0,0,0,0,1.53412,1217.29,21.6028,0,0,0,1.53412,2.76197,3.29864,3.25265,1.18186,2.53157,3.8353,4.52648,0.951466,4.97118,5.06315,1.94892,3.48304,6.13649,3.8353,3.75942,1.53412,1.71853,1.94892,25.7278,5.36943,1.76451,3.29864,6.73569,0.767061,0
 82.0,1.51901,3.40859,2.27852,2.09593,0,2.84356,0,4.55704,1.51901,3.226,1.51901,7.21801,73.334,46.5579,20.135,6.26403,28.1125,1.51901,0.565036,9.70828,2.27852,2.67285,4.1681,2.84356,6.65298,1.51901,3.03803,0.759507,2.27852,0,0,0.576918,0,0,1.51901,0.759507,1.33643,0,0,0,0,0,0,0.759507,0,1.33643,0,1.51901,0.759507,0,0.759507,0.759507,0.576918,1.32454,0.759507,0,0.759507,0.759507,0,0,0,0,0,0,0,0.759507,0,0.759507,0,1.90146,0,0,0,0,0,0,1.32454,1.32454,0,0,0,0,0.759507,0,0,0,0,0,0,0,0,1166.88,14.8304,0.759507,0,0,3.03803,2.27852,2.27852,2.85544,2.85544,6.44662,3.60307,3.40859,1.90146,5.51641,4.55704,2.85544,5.13396,1.51901,0.759507,4.36257,2.27852,3.61495,4.74502,28.0953,9.11409,1.32454,3.03803,7.40599,0,0
 85.1,2.41354,2.64144,1.50419,3.91773,1.50419,2.44886,4.23224,4.66983,3.00838,1.88934,0.157253,5.33416,57.9295,37.0099,17.2811,3.39353,26.8133,2.25629,1.10192,4.42481,2.41354,3.00838,1.88934,3.35821,4.51258,4.51258,2.25629,3.00838,0.752096,0,0.752096,0.752096,0,0,0,0,0,0,0,0.752096,0,0,0.752096,0,0.752096,0,0,0,0,0,0.752096,0,0.752096,0.192574,1.50419,0.752096,0,0.752096,0,0,0,0,0,0,0,0,0.752096,3.91773,0,3.35821,0,0,0,0,0,0,0.94467,0.192574,0,0,0,0,0,0,0,0,0,0,0,0,0.752096,1108.66,15.4271,0,0,0.752096,5.73643,4.66983,6.48853,5.57918,6.17402,7.46852,2.76337,2.64144,1.85402,1.69677,0.752096,1.50419,1.50419,3.00838,0.909349,4.11031,1.50419,3.00838,3.70804,47.1188,13.1001,5.6145,2.41354,2.83401,0,0
 88.2,4.80878,2.44665,2.44665,6.0321,3.46848,4.21687,2.52411,1.81523,4.96525,1.22332,2.08868,11.5498,54.6738,45.0042,19.2296,3.66997,27.3504,2.99354,0.591909,9.46107,1.34029,1.97171,2.99354,6.30555,6.46203,4.96525,2.7201,1.69826,0.748386,1.49677,0,0.748386,0,0,1.49677,0,0,0,0,0.474937,0,0,0,0.748386,0,0,0,0.748386,0,0,0.748386,0,0,0,0.748386,0,0,0,0,0,0.748386,0,0,0,0,0,0,2.08868,0,1.81523,0,0,0,0,0,0,2.7201,0,0,0,0,0,0,0.748386,0,0,0,0,0,0,0,1076.45,22.1062,0,0,0,13.9514,6.0321,11.5047,12.6111,10.5224,3.42898,3.42898,3.74193,4.73681,4.49032,1.49677,2.7201,2.24516,2.99354,1.34029,4.06039,3.46848,0.748386,3.42898,60.1464,11.8627,3.58545,2.56362,5.91513,0,0
 91.4,1.7675,3.50635,2.02399,2.03832,1.75317,2.52301,0.755506,3.23553,3.23553,3.23553,0.741179,10.2056,66.4359,43.1882,22.3353,7.49738,40.6795,2.96471,2.22354,8.6946,3.72022,6.21457,5.92943,5.45907,3.26419,1.06931,7.69693,5.00303,1.48236,0,0,0,0,0,0,0,0,0,0,0.270815,0.741179,0,0,0,0,1.48236,0,0.741179,0.741179,0,0.0143279,0,0,0,0,0,0,0,0,1.48236,0.741179,0,0.0143279,0.741179,0,0,0,1.48236,0,3.23553,0,0.741179,0,0,0,0,1.01199,0.741179,0.741179,0.741179,0.755506,0,0.741179,0,0,1.48236,0,0,0,0,0.0143279,1036.72,21.1524,0,0.741179,0,16.1494,13.156,15.5791,17.6174,10.177,4.44707,2.22354,2.97904,3.32113,0.755506,0.769834,4.71789,0,6.67061,2.22354,3.23553,2.49435,1.48236,2.96471,62.26,13.9402,5.92943,2.50868,1.55363,0,0
 94.7,2.19844,2.47972,3.21728,2.93601,1.00459,3.18877,3.67357,2.2127,7.17213,1.47513,0.737566,6.13903,66.1903,36.2742,17.266,6.62383,30.1209,3.21728,0.737566,10.1224,3.20303,2.19844,2.47972,2.95026,4.93092,6.11051,1.99491,2.19844,4.4254,0,0,0,0,0,0.737566,0,0,0,0,0,0,0,0,0.737566,0,0,0,0,0,0,1.46087,0,0,0,0,0,0,0,0,0,0.737566,0,0.723308,0,0,2.2127,0.737566,0,0,1.47513,0,0,0,0,0,2.95026,0.737566,1.47513,2.47972,2.2127,6.42031,2.95026,0,0.267019,0,0,0,0.737566,0,0.737566,0.723308,977.113,20.8618,1.2716,0.737566,1.00459,33.2112,13.5924,20.8281,18.2071,18.3626,0.737566,3.21728,3.94059,3.67357,2.46546,3.18877,1.47513,2.95026,2.74674,1.47513,2.2127,0.737566,2.95026,3.68783,87.0248,20.4548,2.00917,1.46087,2.2127,0,0
 98.2,2.20195,3.4042,3.64127,0.733984,3.15574,3.4042,5.37496,5.62342,2.40449,4.4039,2.20195,9.01624,70.7302,46.2771,15.0734,2.19058,26.9737,3.4042,0,8.99897,4.87216,3.42147,7.07412,3.42147,3.13847,5.60615,3.37555,1.46797,1.70504,0.733984,0,0,0,0,0,0,0,0,0,0.48553,0,0,0,0,0,0,0,0,0,0,0,0,0,0.733984,0,0,0,0.733984,0,0,0,0,0,0,0,1.46797,0,1.21951,0,0,0,0,0,0,0,4.15545,0.733984,2.67611,7.31119,9.04488,8.27636,7.33984,0,1.20224,0,0,0,0,0.733984,0,0,937.408,23.4475,3.624,4.64098,2.42176,178.01,144.524,173.04,156.054,174.48,5.62342,2.67021,1.68778,2.93594,2.67021,2.67021,4.4039,1.9535,1.67051,3.42147,1.9535,2.20195,0.733984,1.9535,89.3126,23.1186,8.99897,2.20195,1.46797,0,0
101.8,3.5912,2.13034,3.41623,5.05207,3.16898,2.92173,3.29432,0.977683,7.24336,5.11302,1.46086,10.4237,62.5035,44.8183,18.8806,6.40234,32.1538,6.57389,2.86077,11.5763,5.11302,0.977683,1.46086,6.09071,7.24336,5.11302,4.08571,4.38259,3.41623,2.92173,0,0,0.669476,0.730432,0,0,0,0,0,0.247251,0,0.730432,0,0,0,0,0,0,0,0,0,0,0,0,0.730432,0,0,0,0,0.730432,0,0,0,0,0,0,0,1.64716,0,2.1913,0,0,0,0.730432,2.86077,2.37759,4.38259,6.7715,15.0422,12.8509,7.97379,16.739,2.13034,1.33895,2.1913,1.46086,1.46086,0.730432,0,0,0,920.994,22.2359,15.4035,10.5986,13.2731,821.024,901.744,879.96,962.929,1010.81,16.1948,3.65216,3.10802,1.46086,1.46086,3.5912,2.92173,3.89941,7.24336,0.977683,2.37759,2.1913,5.05207,3.89941,89.2902,26.5575,3.60252,1.46086,0,0,0
105.5,4.42212,1.51448,1.5454,3.87836,3.63455,6.54219,4.48278,1.45382,5.14903,3.72613,1.45382,11.1475,72.6416,55.7682,25.9295,6.72417,31.1392,2.18073,2.24139,14.9342,3.8177,4.36146,2.18073,5.99843,3.78679,2.90764,4.5137,2.27231,1.5454,0,0,0,0.0606621,0,0,0,0,0,0,0,0,0,0,0.72691,0,0,0,0,0,0,0,0,0,0,0,0.72691,0.72691,0,0,0,0,0,0,0,0,1.45382,0,0.787572,0,2.27231,0,0.72691,0,0,6.05909,4.60527,5.81528,8.05667,9.05831,13.8719,16.1443,11.0559,6.786,0.848234,0.72691,1.45382,0,0.72691,0.72691,0.72691,0,873.169,22.8078,23.1741,31.6532,22.3865,2285.2,2385.08,2394.29,2438.6,2348.32,35.7456,3.72613,3.69521,0.910063,2.18073,2.9683,2.99922,5.08837,2.24139,3.63455,2.24139,3.72613,0.0606621,1.45382,96.0264,27.413,6.786,2.99922,2.18073,0.72691,0.72691
109.4,2.37905,0.932212,6.62841,2.40557,4.3405,5.27271,5.48151,3.10246,3.61708,2.07911,3.10246,9.63974,75.5328,56.5798,19.4883,4.5493,35.6122,3.10246,2.17025,10.7866,6.32848,5.78734,6.92834,3.43481,4.97278,6.51075,3.52595,2.07911,6.41962,0.723417,0,0,0,0,0,0,0,0,0.723417,0,0.723417,0,0,0.723417,0,0,0,0,0,0,0.723417,0,0,0,0,0,0,0.723417,0,0.723417,0,0,0.723417,0.208795,0,1.65563,0,0.723417,0,1.3557,0.723417,0,0,0.723417,3.43481,3.43481,1.65563,4.5493,8.40759,3.61708,4.24937,7.86645,14.5096,4.75809,0,2.37905,0,0.723417,0.723417,0,2.17025,826.029,18.6207,22.1938,24.6433,33.4479,3346.06,3391.65,3407.43,3397.88,3320.83,50.3424,5.6962,2.17025,2.71139,3.61708,4.3405,3.01133,2.17025,1.44683,3.61708,2.89367,3.01133,1.44683,2.17025,99.1675,17.0886,8.61049,5.18158,2.17025,0,0.723417
113.4,4.42267,5.72939,4.42267,5.66049,4.33972,6.30082,5.22892,1.9611,3.18486,4.33972,1.9611,8.12206,77.3131,61.2109,27.7478,9.34582,40.7221,2.9761,2.16986,6.59253,5.78629,3.18486,6.09206,1.015,5.78629,1.73829,6.078,1.73829,5.21486,0,0.723286,0,0,0,0,0,0,0,0,0,0.723286,0,0,0,0.723286,0,0,0,0,0,0.723286,0,0.723286,0,0,0,0,0,0,0,0,0,0,0.514529,0,1.23782,0,0.291713,0.723286,1.44657,0.723286,0,0.723286,0,4.63143,2.16986,1.52953,4.28281,1.73829,4.33972,1.44657,2.46157,14.2422,13.3249,0.723286,0.806242,1.44657,2.89315,3.47657,5.21486,7.53657,815.09,18.9145,24.5201,25.1464,26.7307,2932.84,2987.58,2893.67,2860.59,2699.66,49.6504,4.63143,0.723286,2.89315,1.73829,2.16986,0.514529,1.44657,1.44657,1.73829,2.16986,0.514529,1.44657,2.89315,89.3307,23.7406,11.7526,6.88425,4.33972,0,0
117.6,2.20669,4.88762,4.74843,2.58897,4.65646,2.497,5.85301,3.5991,2.58897,4.65646,2.15946,9.11457,77.6277,47.8412,24.5236,7.7669,39.7248,3.64633,0.71982,10.08,7.15346,5.08597,3.93664,4.36615,2.15946,3.30879,1.86915,3.30879,2.72816,1.43964,0,0,0,0,0,0,0,0,0.71982,0,0,0,0,0,0.71982,0,0,0,0,0,0,0,0,0,0,0,0,0,0,0,0,0,0,0,0,1.43964,0,0.429506,0,0.71982,0,0,0,0,1.86915,2.15946,4.02861,8.0597,3.30879,1.43964,3.5991,3.64633,12.912,20.7406,6.0961,1.82441,1.05736,7.87328,14.1086,20.5894,27.6813,800.896,19.0409,48.4835,42.2979,40.2582,1760.51,1658.94,1668.86,1697.22,1527.97,30.3503,5.80579,4.65646,1.43964,2.58897,2.87928,2.497,1.3949,2.15946,2.58897,2.11472,1.77718,3.93664,1.43964,82.9518,27.9766,6.14333,3.01847,5.37628,0.71982,5.75856
121.9,2.17015,4.3181,1.78794,3.94699,5.76857,5.76857,2.92347,2.87874,4.64414,5.42,2.50763,13.6626,84.1104,52.7155,30.2937,9.70447,43.2809,4.3292,0,19.1162,7.89364,4.70031,6.13968,4.70031,3.22731,5.75747,5.03779,1.43937,0.719684,0,0,0,0,0,0,0,0,0,0,0,0,0,0,0,0,0,0,0,0,0,0,0.719684,0,0,0,0,0,0,0,0,0,0,0.719684,0,0,2.15905,0,3.22731,0,1.43937,0,0,0,0,1.43937,0,3.94699,9.04061,3.59842,4.29557,4.64414,3.60952,7.93872,32.4749,11.8746,10.8175,18.3292,27.3026,28.753,27.066,23.0968,759.293,24.0867,144.632,142.135,141.528,781.102,668.109,706.886,709.728,687.849,13.0101,2.54126,1.10189,3.94699,3.94699,0.719684,2.88983,5.8022,2.15905,1.43937,3.27204,2.17015,1.82158,2.87874,62.4533,27.8751,7.24157,3.57588,3.98063,0.719684,17.2499
126.3,4.61419,3.5236,4.61419,3.96877,1.81013,4.29148,1.7618,2.15864,4.71085,5.35953,3.24922,13.594,81.7412,49.8944,21.2121,10.3705,49.3423,6.1274,1.43909,11.4611,9.02486,7.12133,3.59773,3.20089,5.40786,2.87818,0.719545,2.87818,3.59773,0,0,0,0,0,0,0,0.719545,0,0,0,0,0,0,0,0,0,0,0,0,0,0,0,0,0,0.719545,0,0,0,0.719545,0.719545,0,0,0,0.719545,0,0.719545,0,1.09058,0,0.719545,0,0,0,0,1.04226,1.43909,1.81013,24.1906,2.48135,3.62026,4.31401,4.29148,5.05935,28.6786,24.7357,32.5765,41.4822,45.1991,29.1689,21.5315,14.4134,731.853,15.8009,396.403,362.973,390.313,301.922,285.091,267.932,277.566,261.175,7.56649,3.92044,0.719545,5.40786,3.24922,0.719545,0.37104,0.719545,1.43909,1.7618,1.4133,3.57193,0.719545,2.87818,72.3195,40.5624,7.12133,5.05935,1.04226,2.48135,47.216
131.0,5.82933,8.70695,5.36917,3.85625,4.57565,4.25301,1.83556,5.03582,5.75523,3.5336,2.87761,15.3774,89.3393,60.6051,29.9506,6.08857,44.3073,5.03582,0.719403,14.7797,11.7063,5.10993,4.83489,3.5336,7.25233,4.57565,6.01446,1.69804,2.87761,0.719403,0,0,0.719403,0,0,0,0,0,0,0,0,0,0,0,0,0.719403,0,0,0,0,0,0,0,0,0,0,0,0.259234,0,0,0,0,0,0,0,0.978637,0.719403,0.978637,1.43881,0,0,0,0,0,4.25301,2.87761,2.87761,35.2036,3.07343,6.27369,8.31019,0.396756,4.31642,14.1344,38.2557,54.4159,48.8723,48.7399,22.6348,14.9172,5.75523,685.344,16.8796,851.049,763.715,885.394,156.255,124.961,112.133,125.648,112.191,1.43881,1.11616,1.43881,1.43881,2.15821,0.719403,0.719403,2.15821,1.43881,1.83556,1.11616,1.11616,0,1.43881,53.5962,37.0127,9.94482,8.17267,6.46951,5.69181,97.3638
135.8,1.75342,3.75374,2.61785,4.93308,5.49489,7.65266,2.87704,2.87704,5.75407,4.77563,1.43852,10.428,91.7036,47.0739,24.4645,7.40576,49.2316,5.19226,0.719259,17.8215,8.11274,6.63078,4.51645,4.05637,6.57249,6.52905,4.37127,4.77563,2.31523,0,0,0,0.15745,0,0,0,0,0,0,0,0,0,0,0,0,0,0,0.719259,0,0,0,0.719259,0,0,0,0,0,0.460077,0,0,0,0,0,0,0,1.17934,0,1.17934,0.719259,0,0,0,0,0,0.617527,0.15745,1.43852,40.0387,19.5994,15.5988,23.3097,7.82239,4.473,6.15586,37.0042,52.5008,36.217,28.3634,12.4406,8.73027,5.03481,657.296,21.2291,1316.68,1266.72,1327.65,93.9197,69.6995,59.9377,70.2302,67.4549,2.47268,1.75342,0.719259,2.87704,3.03449,3.19194,1.59597,5.03481,3.75374,2.15778,0.876709,2.31523,2.15778,2.15778,41.465,26.1013,13.305,8.37192,5.03224,14.3514,220.668
140.7,6.95847,4.1765,5.05709,4.1765,1.44488,2.16732,4.35143,2.90655,4.36821,2.90655,2.18411,20.8262,92.6942,63.781,19.5551,13.2519,52.1716,7.80549,0.722441,14.3242,10.131,9.28394,2.90655,2.90655,3.48763,8.36978,6.18567,2.88976,2.02596,0,0,0,0.564294,0,0,0,0,0,0.722441,0,0,0,0,0,0,0,0,0,0,0,0.722441,0.722441,0,0,0,0,0,0,0,0,0,0,0,0,0,0.0167839,0.722441,1.44488,0,0.722441,0,0,0,0,26.74,39.2733,4.35143,82.7084,117.191,159.649,190.865,102.676,4.1765,3.6122,20.2499,23.2247,12.4049,16.7228,7.47241,4.21007,2.92333,651.806,18.9069,1148.23,1295.66,1310.39,57.866,33.5463,34.3538,43.8581,35.3469,6.18567,4.74079,0.722441,3.6122,1.28673,2.59025,2.73162,1.47845,0.564294,1.44488,0.564294,1.28673,4.33465,2.90655,51.7319,27.1521,5.62138,7.98042,4.01835,20.8083,345.154
145.9,4.13819,2.73747,3.29799,6.92624,2.9026,4.91442,1.43444,2.72061,7.05765,3.61139,3.61139,16.1608,99.8002,72.5098,32.6014,9.99397,45.8113,3.44626,1.28617,22.1312,7.23964,5.58949,8.9212,5.62321,4.32018,3.44626,1.4513,0.72565,2.88574,0.72565,0,0,0,0,0,0,0,0,0,0,0,0,0,0,0,0,0,0,0,0,0,0,0,0,0,0,0,0,0,0,0,0,0,0,0,1.43444,0,1.4513,0,1.4513,0,0,0,0,214.28,280.086,17.4639,254.065,532.891,599.92,679.424,396.082,24.2418,1.28617,4.18877,10.7679,9.96025,5.78834,7.65189,4.32018,8.73921,606.412,16.8865,951.514,941.485,948.753,38.4717,16.7853,18.55,20.4642,17.001,3.8585,4.91442,2.01182,2.17695,2.01182,2.55548,0.72565,2.86888,0,2.01182,0.72565,2.01182,2.17695,3.61139,35.1906,29.0068,9.6637,9.2346,5.3098,29.3022,427.336
151.2,6.69457,4.08065,3.95768,3.95768,1.45099,3.79258,2.90199,3.06709,6.64478,1.06335,4.35298,11.328,89.7327,64.0905,22.6636,12.4488,57.5606,2.34159,1.61609,13.3394,8.60638,6.59499,8.81361,6.30693,4.35298,1.95395,3.62748,3.62748,3.62748,0.725497,1.45099,0,0,0,0,0,0.337854,0,0,0,0,0,0,0,0,0,0,0,0,0,0,0,0,0,0,0,0,0,0,0,0,0,0,0,0,0.337854,0,2.90199,0.725497,1.45099,0,0,0.725497,0,709.802,842.759,27.3046,525.522,1146.15,1182.06,1229.75,850.904,113.199,6.25714,4.85593,6.62946,9.15913,5.80398,10.825,8.31832,22.6138,583.59,20.3718,1519.43,1168.04,1324.51,31.3044,12.7292,12.8364,10.9901,10.825,4.12278,1.95395,0.165098,2.17649,2.2918,1.39355,0,1.06335,1.06335,1.61609,2.17649,3.06709,1.45099,2.17649,33.4886,14.0572,6.58733,5.91928,5.18613,32.9627,491.68
156.8,5.82985,6.99796,4.37239,5.10112,4.37239,0.728731,2.18619,2.26068,3.03943,4.76176,0,20.7524,83.9875,82.5639,28.5536,5.22562,47.4848,5.82985,1.45746,19.444,6.6586,5.20114,2.65006,7.67668,5.17561,7.02244,2.26068,2.98942,5.17561,0.728731,0,0,0.728731,0,0,0,0.389371,0,0,0,0,0,0,0,0,0,0,0,0,0,0,0,0,0,0,0,0,0.0744914,0,0.728731,0,0,0,0,0,1.92132,0.728731,1.45746,0,0,0,0,0,0,1318.98,1285.91,53.7699,658.853,1336.02,1362.77,1462.29,1077.6,353.917,26.1101,10.8151,10.1439,15.312,24.8675,64.0448,65.4861,97.9561,585.092,16.6949,2678,2381.34,2724.09,30.5163,16.3556,12.1236,10.8151,7.02244,1.45746,1.92132,0.728731,1.53195,3.69367,0.389371,0,0.389371,1.1181,2.91492,1.45746,0,1.53195,1.53195,28.3633,11.4693,9.33314,1.50747,4.10752,40.8006,837.544
162.5,5.62269,3.92545,3.42671,3.92545,5.12396,7.08668,3.65997,2.6199,5.04913,0.731994,0,18.0328,106.948,60.9856,29.5011,12.6346,59.1195,2.92797,1.46399,15.6871,2.92797,4.8907,3.35189,5.85595,2.12116,6.51312,4.08388,6.51312,2.12116,0.731994,0,0,0,0,0,0,0,0,0,0,0,0,0,0,0,0,0,0.731994,0,0,0,0.731994,0,0,0,0,0,0.657169,0,0,0,0,0,0,0,1.38916,0,2.19598,0,0,0,0,0,0,1317.59,1320.34,44.3097,550.402,1003.16,1041.65,960.549,833.724,752.429,91.4224,48.4815,44.8391,45.913,81.9168,182.026,171.594,300.828,558.89,20.3358,3408.41,3508.88,3695,34.5195,17.6089,13.8653,16.8769,16.2945,2.19598,1.38916,0,1.38916,0.731994,0,1.23073,1.46399,1.23073,0.731994,0.731994,1.46399,1.8879,2.85315,31.0164,10.3637,7.90228,2.69472,2.85315,51.3948,1224.05
168.5,1.85372,1.93918,3.32429,1.20389,3.08999,2.44016,3.82527,4.05958,2.20586,3.08999,3.08999,18.061,101.545,82.4216,31.0281,8.70559,52.5388,3.08999,0.297698,12.6163,6.61757,4.20843,8.32244,3.08999,3.67643,5.147,3.17544,3.08999,1.61942,1.47057,0,0,0,0,0,0,0,0,0,0,0,0,0,0,0,0.735285,0,0,0.735285,0,0,0,0,0,0,0,0,0,0,0,0.735285,0.735285,0,0,0,0.735285,0.148849,0.148849,0,0.884134,0,0,0,0,920.849,828.252,28.2062,356.23,504.239,551.478,445.955,483.93,996.912,232.842,124.061,102.864,100.524,182.835,339.26,353.581,705.623,597.783,18.9128,2516.12,3111.65,2986.26,25.1796,21.6609,17.4746,18.2733,16.505,1.47057,2.3547,3.67643,0.148849,0.735285,2.94114,2.44016,0,0.234303,2.20586,0.735285,1.47057,1.70487,2.20586,20.2345,11.7956,3.67643,3.32429,2.3547,72.723,1073.18
174.7,3.31174,4.45274,4.30251,1.72908,3.56038,3.71062,3.31174,5.78676,2.22637,2.56962,2.07614,15.1301,101.115,58.6891,27.4419,11.4751,48.9416,3.31174,3.16151,18.6477,4.94622,6.37484,4.45274,5.04463,4.94622,4.2041,4.94622,1.33401,4.30251,0.742124,0.742124,0,0,0,0,0,0,0,0,0,0,0,0,0,0,0,0,0,0,0,0,0,0,0.742124,0,0,0,0,0,0,0,0,0,0,0,0,0.59189,1.33401,0,0.59189,0.742124,0,0,0,414.125,384.63,12.3118,150.132,207.562,245.706,189.982,257.311,911.041,569.909,200.366,169.598,173.473,327.631,669.359,868.27,1462.57,528.243,21.659,1242.99,1627.89,1463.22,18.5959,28.5739,9.7888,16.6571,11.0244,2.71985,3.31174,1.48425,1.33401,0,2.71985,2.22637,2.22637,0,0,0.49348,0.742124,2.22637,1.97773,23.5383,6.37865,2.71985,1.33401,3.56038,46.719,533.874
181.1,2.53733,6.01509,1.54204,1.24506,5.32061,3.08409,3.28284,2.98203,2.23652,6.3159,4.47305,17.947,88.8185,59.7672,33.8106,7.75588,49.6742,6.95935,0.300804,14.8683,7.01038,7.56096,4.47305,3.82959,6.36692,4.02834,3.28284,3.72754,0.745508,0,0,0,0,0,0,0.745508,0,0,0,0,0,0.745508,0,0,0,0,0,0,0,0,0,0,0,0,0,0,0,0,0,0,0,0,0,0,0,0,0,0,0,0,0.745508,0,0,0,171.192,172.24,8.20441,93.6707,89.714,95.9804,82.6427,170.997,576.332,1009.61,364.362,262.12,364.011,746.527,1398.69,1644.89,1923.54,535.952,17.3036,455.754,667.039,572.192,12.9744,17.0576,13.4191,5.47216,10.0945,0.300804,1.74079,0.745508,2.98203,2.23652,0.300804,0.745508,0.745508,0,2.28755,0.351832,0.745508,0.0510274,0.249777,13.2791,3.72754,1.74079,3.03306,4.47305,26.2025,239.082
187.7,7.47391,3.57956,3.26911,6.33078,4.72268,4.41223,1.76402,1.81553,4.07316,2.46506,3.01017,13.8047,93.7013,55.8168,28.565,6.27927,58.0186,5.88869,2.20612,18.0338,7.47391,9.23793,4.51525,4.28059,6.61835,4.02165,3.7112,2.25763,0,0,0.752542,0,0,0,0,0,0,0,0,0,0,0,0,0,0,0,0,0,0,0,0,0,0,0,0,0,0,0,0,0,0,0,0,0,0,1.50508,0,0,0,0,0,0,0,0,71.2266,74.191,1.81553,44.294,47.6675,59.9729,46.1396,99.3883,283.517,1273.3,774.317,644.132,925.277,1482.03,2266.47,2230.42,1628.82,481.375,21.5847,232.632,254.872,273.03,5.21628,7.68134,7.26213,7.39377,7.37089,0.701033,3.01017,0.752542,0,1.50508,0.701033,5.26779,2.25763,1.50508,0.701033,2.46506,0.752542,1.01148,1.06299,12.2481,1.50508,0.752542,2.95866,4.51525,11.806,213.567
194.6,1.28292,2.40033,1.20016,2.71221,1.95619,0.756024,4.22426,4.22426,3.23911,1.20016,0.756024,22.4375,104.643,51.4219,18.5131,7.61479,43.8142,2.40033,1.51205,22.6384,2.79497,6.56099,3.551,5.1953,3.0241,3.46824,0,4.0779,2.03895,0.526901,0,0,0,0,0,0,0,0,0,0,0,0,0,0,0,0,0,0,0,0,0,0,0,0,0,0,0,0,0,0,0,0,0,0,0,2.03895,0,0,0,0,0.756024,0,0,0,40.7851,36.8091,3.99514,26.468,29.5557,34.0424,25.4829,98.3853,151.486,1078.71,1349.34,1271.68,1508.34,1943.85,2151.86,1684.67,824.547,479.095,20.3371,117.271,138.993,127.621,6.34597,6.49233,4.57153,2.40033,0,1.28292,0.756024,2.03895,0.756024,1.51205,2.26807,1.51205,2.26807,1.51205,1.51205,2.71221,1.51205,1.20016,1.20016,6.03409,3.0241,4.0779,0,1.80983,14.7945,592.564
201.7,0.934639,2.28979,5.34284,0.763263,4.51964,5.34284,1.52653,1.52653,3.98769,2.16991,0.763263,18.1291,85.1323,66.8824,20.5303,11.7224,44.6279,3.05305,0,15.6501,8.50733,5.97685,6.27748,5.45428,5.2829,3.81632,2.28979,1.98916,1.75784,0.994581,0,0.763263,0,0,0.763263,0,0,0.763263,0,0,0,0,0.763263,0.763263,0,0,0,0,0,0,0,0,0,0.703321,0,0,0,0,0,1.52653,0,0,0,0,0,1.75784,0,1.52653,0,1.52653,0,0,0,0,20.1183,21.5156,2.52111,22.3481,15.668,20.4189,22.5795,88.0992,87.3341,638.539,1673.28,1744.63,1567.82,1555.42,1311.99,849.851,335.072,437.687,14.5441,68.4089,96.5532,88.9739,4.98227,3.05305,3.98769,2.28979,1.46658,0.994581,3.05305,1.75784,0.763263,0,2.28979,1.52653,2.22985,0.703321,0.763263,0,0.763263,1.52653,0.763263,11.0884,3.05305,2.75242,1.52653,4.21901,35.7965,1587.11
209.1,4.88329,3.08258,1.54129,3.91952,2.37246,2.31194,4.69017,2.31194,5.45504,0.957987,0.0662986,16.7024,96.7388,73.0766,31.2005,7.89379,38.2534,2.31194,1.54129,9.05068,5.64816,8.60392,7.06263,4.74492,3.2094,5.46082,3.85323,3.08258,2.37823,0,0,0,0,0,0,0,0,0,0,0,0,0,0,0,0,0.770645,0,0.770645,0,0,0,0,0.0662986,0.0605218,0,0,0,0,0,0.770645,0,0,0,0,0,2.31194,0,0.770645,0,0,0,0,0,0,12.5177,6.34673,1.60759,11.1032,10.8496,4.87751,11.7412,52.4593,62.2039,305.578,1316.58,1550.17,1018.51,805.708,540.713,373.826,154.43,437.602,18.8154,69.2897,64.6542,79.3126,0.963764,0.770645,3.1431,3.21518,2.43876,0,0,1.60759,0.770645,0.770645,1.54129,3.14888,1.60181,1.60181,2.31194,0,0.770645,0.770645,0.0662986,4.75069,3.85323,1.60759,0,0.831167,87.0145,2999.98
216.7,3.69004,1.55635,2.33452,1.4894,0.926519,1.55635,1.63775,4.03922,1.55635,3.82393,3.1941,19.3494,68.2201,65.2017,24.4346,9.56784,43.0507,2.33452,0.778175,18.0083,5.31333,3.82393,1.63775,3.1127,3.1941,0.859573,2.48287,1.70469,1.4894,2.33452,0.778175,0,0.778175,0,0,0,0.778175,0.148344,0,0,0,0,0,0,0,0,0,0,0,0,0,0,1.4894,0,0,0,0,0,0,0,0,0,0,0,0,1.55635,0,0.148344,1.55635,0.778175,0,0,0,0,5.38028,4.96574,2.41592,5.46168,4.18756,5.46168,4.66905,46.0531,38.7148,127.83,688.348,845.673,492.444,361.916,216.05,159.911,71.8485,444.147,20.1801,46.0135,53.7443,57.9683,4.6835,2.33452,2.33452,4.6835,3.82393,2.33452,0,3.82393,0.778175,0.778175,1.55635,2.26758,2.48287,0,0.778175,0.778175,2.33452,0.926519,1.63775,7.7148,0.778175,1.4894,1.55635,1.55635,129.132,3643.73
224.7,0.970824,3.14343,0.785857,1.94165,2.20776,3.14343,5.35119,0.636049,2.35757,3.92928,2.20776,10.4714,76.2449,45.9313,24.0971,6.7731,38.1539,3.32839,0.785857,12.4942,4.11425,5.501,4.14941,5.08508,1.60687,4.56533,1.42191,2.99362,0.970824,0.785857,0,0.785857,0,0,0,0,0,0.636049,0.785857,0.184967,0,1.57171,0.785857,0,0,0.785857,0.785857,0,0,0.785857,0.184967,0.184967,0,0,0,0.785857,0.970824,0,0,0.785857,0,0,0,0,0,0.785857,0,2.99362,0,0.970824,0,0,0,0,3.92928,3.62967,2.20776,6.9229,3.21374,2.20776,1.57171,33.8881,32.5474,76.7237,304.941,340.95,198.686,158.551,107.893,93.1807,47.621,380.053,14.7355,31.1255,43.146,38.4643,3.77948,0,0.785857,1.42191,1.57171,0.785857,0.369933,0.785857,0.785857,0.785857,0,1.57171,1.42191,0.785857,1.57171,0.785857,0,0.636049,1.42191,4.11425,3.14343,0.785857,0,2.35757,136.394,2791.05
232.9,3.16294,0.174966,0,1.21377,3.96848,1.58739,1.93733,3.34975,2.38109,0.968663,2.38109,16.7132,82.8689,65.4895,21.5929,9.69932,39.6019,5.719,0,16.0252,4.9253,1.58739,5.35722,5.18225,3.16294,0.793696,1.58739,1.58739,1.40058,0.174966,0.793696,0,0.174966,1.58739,0.793696,0.793696,0.174966,0,0.793696,0.606885,0.793696,0,0,0,0,0,0,0,0.793696,0,1.40058,0.606885,0,0,0.793696,0,0.606885,0,0.793696,0,0.793696,0.793696,0.793696,1.58739,1.76236,0.793696,0,1.76236,0.793696,0.606885,0.793696,0.793696,0,1.58739,3.17479,1.58739,0.793696,2.38109,2.80116,3.96848,3.34975,32.6336,31.0817,56.4791,130.758,140.317,91.8792,79.6129,63.6916,60.5879,24.9654,399.835,14.508,11.3332,25.3045,21.756,0.793696,0.968663,1.76236,1.58739,2.38109,0.793696,2.80116,0,0.793696,0.793696,0.793696,2.38109,0.793696,0.793696,0,1.58739,0.793696,0.793696,0.793696,2.98797,1.58739,0.968663,0,0,95.6381,1387.96
241.4,2.23991,2.35769,2.41756,2.41756,1.04141,1.6117,2.86812,1.43406,0.805852,2.47547,2.41756,21.496,83.3033,46.1781,22.1094,7.31058,37.5738,7.70323,1.6117,19.5142,4.5976,5.75874,3.04576,7.25267,4.77525,0.923631,2.53533,1.72948,2.41756,0.628206,0.805852,0.923631,0.628206,0,0,1.6117,1.43406,1.6117,0,0,0,0.805852,0,0.805852,0,0.805852,0.805852,0.805852,0,0,0.805852,0,0,0,0.805852,2.41756,0,0.805852,0.117778,0.805852,0,0,0,0,1.43406,0,0,2.23991,0,0,0,0,0.805852,0.805852,3.22341,4.02926,0.805852,4.83511,8.05852,4.3826,7.1928,32.561,26.8641,33.5239,73.2198,83.4958,45.8846,51.608,51.9163,28.141,17.5472,397.612,17.6689,7.07502,14.6006,6.54209,3.22341,2.23991,3.04576,0,0.805852,3.34119,2.41756,0.923631,0.805852,0,0,0.805852,0.923631,0,0.805852,0.805852,1.6117,1.6117,0.923631,3.34119,3.22341,1.43406,0.805852,1.6117,42.8987,509.758
Scan Up Time(s),90,90,90,90,90,90,90,90,90,90,90,90,90,90,90,90,90,90,90,90,90,90,90,90,90,90,90,90,90,90,90,90,90,90,90,90,90,90,90,90,90,90,90,90,90,90,90,90,90,90,90,90,90,90,90,90,90,90,90,90,90,90,90,90,90,90,90,90,90,90,90,90,90,90,90,90,90,90,90,90,90,90,90,90,90,90,90,90,90,90,90,90,90,90,90,90,90,90,90,90,90,90,90,90,90,90,90,90,90,90,90,90,90,90,90,90,90,90,90,90,90,90
Retrace Time(s),30,30,30,30,30,30,30,30,30,30,30,30,30,30,30,30,30,30,30,30,30,30,30,30,30,30,30,30,30,30,30,30,30,30,30,30,30,30,30,30,30,30,30,30,30,30,30,30,30,30,30,30,30,30,30,30,30,30,30,30,30,30,30,30,30,30,30,30,30,30,30,30,30,30,30,30,30,30,30,30,30,30,30,30,30,30,30,30,30,30,30,30,30,30,30,30,30,30,30,30,30,30,30,30,30,30,30,30,30,30,30,30,30,30,30,30,30,30,30,30,30,30
Down Scan First,FALSE,FALSE,FALSE,FALSE,FALSE,FALSE,FALSE,FALSE,FALSE,FALSE,FALSE,FALSE,FALSE,FALSE,FALSE,FALSE,FALSE,FALSE,FALSE,FALSE,FALSE,FALSE,FALSE,FALSE,FALSE,FALSE,FALSE,FALSE,FALSE,FALSE,FALSE,FALSE,FALSE,FALSE,FALSE,FALSE,FALSE,FALSE,FALSE,FALSE,FALSE,FALSE,FALSE,FALSE,FALSE,FALSE,FALSE,FALSE,FALSE,FALSE,FALSE,FALSE,FALSE,FALSE,FALSE,FALSE,FALSE,FALSE,FALSE,FALSE,FALSE,FALSE,FALSE,FALSE,FALSE,FALSE,FALSE,FALSE,FALSE,FALSE,FALSE,FALSE,FALSE,FALSE,FALSE,FALSE,FALSE,FALSE,FALSE,FALSE,FALSE,FALSE,FALSE,FALSE,FALSE,FALSE,FALSE,FALSE,FALSE,FALSE,FALSE,FALSE,FALSE,FALSE,FALSE,FALSE,FALSE,FALSE,FALSE,FALSE,FALSE,FALSE,FALSE,FALSE,FALSE,FALSE,FALSE,FALSE,FALSE,FALSE,FALSE,FALSE,FALSE,FALSE,FALSE,FALSE,FALSE,FALSE,FALSE,FALSE,FALSE,FALSE
Scans Per Sample,1,1,1,1,1,1,1,1,1,1,1,1,1,1,1,1,1,1,1,1,1,1,1,1,1,1,1,1,1,1,1,1,1,1,1,1,1,1,1,1,1,1,1,1,1,1,1,1,1,1,1,1,1,1,1,1,1,1,1,1,1,1,1,1,1,1,1,1,1,1,1,1,1,1,1,1,1,1,1,1,1,1,1,1,1,1,1,1,1,1,1,1,1,1,1,1,1,1,1,1,1,1,1,1,1,1,1,1,1,1,1,1,1,1,1,1,1,1,1,1,1,1
Impactor Type(cm),None,None,None,None,None,None,None,None,None,None,None,None,None,None,None,None,None,None,None,None,None,None,None,None,None,None,None,None,None,None,None,None,None,None,None,None,None,None,None,None,None,None,None,None,None,None,None,None,None,None,None,None,None,None,None,None,None,None,None,None,None,None,None,None,None,None,None,None,None,None,None,None,None,None,None,None,None,None,None,None,None,None,None,None,None,None,None,None,None,None,None,None,None,None,None,None,None,None,None,None,None,None,None,None,None,None,None,None,None,None,None,None,None,None,None,None,None,None,None,None,None,None
Sheath Flow(lpm),13,13,13,13,13,13,13,13,13,13,13,13,13,13,13,13,13,13,13,13,13,13,13,13,13,13,13,13,13,13,13,13,13,13,13,13,13,13,13,13,13,13,13,13,13,13,13,13,13,13,13,13,13,13,13,13,13,13,13,13,13,13,13,13,13,13,13,13,13,13,13,13,13,13,13,13,13,13,13,13,13,13,13,13,13,13,13,13,13,13,13,13,13,13,13,13,13,13,13,13,13,13,13,13,13,13,13,13,13,13,13,13,13,13,13,13,13,13,13,13,13,13
Aerosol Flow(lpm),1.3,1.3,1.3,1.3,1.3,1.3,1.3,1.3,1.3,1.3,1.3,1.3,1.3,1.3,1.3,1.3,1.3,1.3,1.3,1.3,1.3,1.3,1.3,1.3,1.3,1.3,1.3,1.3,1.3,1.3,1.3,1.3,1.3,1.3,1.3,1.3,1.3,1.3,1.3,1.3,1.3,1.3,1.3,1.3,1.3,1.3,1.3,1.3,1.3,1.3,1.3,1.3,1.3,1.3,1.3,1.3,1.3,1.3,1.3,1.3,1.3,1.3,1.3,1.3,1.3,1.3,1.3,1.3,1.3,1.3,1.3,1.3,1.3,1.3,1.3,1.3,1.3,1.3,1.3,1.3,1.3,1.3,1.3,1.3,1.3,1.3,1.3,1.3,1.3,1.3,1.3,1.3,1.3,1.3,1.3,1.3,1.3,1.3,1.3,1.3,1.3,1.3,1.3,1.3,1.3,1.3,1.3,1.3,1.3,1.3,1.3,1.3,1.3,1.3,1.3,1.3,1.3,1.3,1.3,1.3,1.3,1.3
CPC Inlet Flow(lpm),0.3,0.3,0.3,0.3,0.3,0.3,0.3,0.3,0.3,0.3,0.3,0.3,0.3,0.3,0.3,0.3,0.3,0.3,0.3,0.3,0.3,0.3,0.3,0.3,0.3,0.3,0.3,0.3,0.3,0.3,0.3,0.3,0.3,0.3,0.3,0.3,0.3,0.3,0.3,0.3,0.3,0.3,0.3,0.3,0.3,0.3,0.3,0.3,0.3,0.3,0.3,0.3,0.3,0.3,0.3,0.3,0.3,0.3,0.3,0.3,0.3,0.3,0.3,0.3,0.3,0.3,0.3,0.3,0.3,0.3,0.3,0.3,0.3,0.3,0.3,0.3,0.3,0.3,0.3,0.3,0.3,0.3,0.3,0.3,0.3,0.3,0.3,0.3,0.3,0.3,0.3,0.3,0.3,0.3,0.3,0.3,0.3,0.3,0.3,0.3,0.3,0.3,0.3,0.3,0.3,0.3,0.3,0.3,0.3,0.3,0.3,0.3,0.3,0.3,0.3,0.3,0.3,0.3,0.3,0.3,0.3,0.3
CPC Sample Flow(lpm),0.3,0.3,0.3,0.3,0.3,0.3,0.3,0.3,0.3,0.3,0.3,0.3,0.3,0.3,0.3,0.3,0.3,0.3,0.3,0.3,0.3,0.3,0.3,0.3,0.3,0.3,0.3,0.3,0.3,0.3,0.3,0.3,0.3,0.3,0.3,0.3,0.3,0.3,0.3,0.3,0.3,0.3,0.3,0.3,0.3,0.3,0.3,0.3,0.3,0.3,0.3,0.3,0.3,0.3,0.3,0.3,0.3,0.3,0.3,0.3,0.3,0.3,0.3,0.3,0.3,0.3,0.3,0.3,0.3,0.3,0.3,0.3,0.3,0.3,0.3,0.3,0.3,0.3,0.3,0.3,0.3,0.3,0.3,0.3,0.3,0.3,0.3,0.3,0.3,0.3,0.3,0.3,0.3,0.3,0.3,0.3,0.3,0.3,0.3,0.3,0.3,0.3,0.3,0.3,0.3,0.3,0.3,0.3,0.3,0.3,0.3,0.3,0.3,0.3,0.3,0.3,0.3,0.3,0.3,0.3,0.3,0.3
Low Voltage,10.6098,10.6098,10.6098,10.6098,10.6098,10.6098,10.6098,10.6098,10.6098,10.6098,10.6098,10.6098,10.6098,10.6098,10.6098,10.6098,10.6098,10.6098,10.6098,10.6098,10.6098,10.6098,10.6098,10.6098,10.6098,10.6098,10.6098,10.6098,10.6098,10.6098,10.6098,10.6098,10.6098,10.6098,10.6098,10.6098,10.6098,10.6098,10.6098,10.6098,10.6098,10.6098,10.6098,10.6098,10.6098,10.6098,10.6098,10.6098,10.6098,10.6098,10.6098,10.6098,10.6098,10.6098,10.6098,10.6098,10.6098,10.6098,10.6098,10.6098,10.6098,10.6098,10.6098,10.6098,10.6098,10.6098,10.6098,10.6098,10.6098,10.6098,10.6098,10.6098,10.6098,10.6098,10.6098,10.6098,10.6098,10.6098,10.6098,10.6098,10.6098,10.6098,10.6098,10.6098,10.6098,10.6098,10.6098,10.6098,10.6098,10.6098,10.6098,10.6098,10.6098,10.6098,10.6098,10.6098,10.6098,10.6098,10.6098,10.6098,10.6098,10.6098,10.6098,10.6098,10.6098,10.6098,10.6098,10.6098,10.6098,10.6098,10.6098,10.6098,10.6098,10.6098,10.6098,10.6098,10.6098,10.6098,10.6098,10.6098,10.6098,10.6098
High Voltage,9695.19,9695.19,9695.19,9695.19,9695.19,9695.19,9695.19,9695.19,9695.19,9695.19,9695.19,9695.19,9695.19,9695.19,9695.19,9695.19,9695.19,9695.19,9695.19,9695.19,9695.19,9695.19,9695.19,9695.19,9695.19,9695.19,9695.19,9695.19,9695.19,9695.19,9695.19,9695.19,9695.19,9695.19,9695.19,9695.19,9695.19,9695.19,9695.19,9695.19,9695.19,9695.19,9695.19,9695.19,9695.19,9695.19,9695.19,9695.19,9695.19,9695.19,9695.19,9695.19,9695.19,9695.19,9695.19,9695.19,9695.19,9695.19,9695.19,9695.19,9695.19,9695.19,9695.19,9695.19,9695.19,9695.19,9695.19,9695.19,9695.19,9695.19,9695.19,9695.19,9695.19,9695.19,9695.19,9695.19,9695.19,9695.19,9695.19,9695.19,9695.19,9695.19,9695.19,9695.19,9695.19,9695.19,9695.19,9695.19,9695.19,9695.19,9695.19,9695.19,9695.19,9695.19,9695.19,9695.19,9695.19,9695.19,9695.19,9695.19,9695.19,9695.19,9695.19,9695.19,9695.19,9695.19,9695.19,9695.19,9695.19,9695.19,9695.19,9695.19,9695.19,9695.19,9695.19,9695.19,9695.19,9695.19,9695.19,9695.19,9695.19,9695.19
Lower Size(nm),6.49382,6.49382,6.49382,6.49382,6.49382,6.49382,6.49382,6.49382,6.49382,6.49382,6.49382,6.49382,6.49382,6.49382,6.49382,6.49382,6.49382,6.49382,6.49382,6.49382,6.49382,6.49382,6.49382,6.49382,6.49382,6.49382,6.49382,6.49382,6.49382,6.49382,6.49382,6.49382,6.49382,6.49382,6.49382,6.49382,6.49382,6.49382,6.49382,6.49382,6.49382,6.49382,6.49382,6.49382,6.49382,6.49382,6.49382,6.49382,6.49382,6.49382,6.49382,6.49382,6.49382,6.49382,6.49382,6.49382,6.49382,6.49382,6.49382,6.49382,6.49382,6.49382,6.49382,6.49382,6.49382,6.49382,6.49382,6.49382,6.49382,6.49382,6.49382,6.49382,6.49382,6.49382,6.49382,6.49382,6.49382,6.49382,6.49382,6.49382,6.49382,6.49382,6.49382,6.49382,6.49382,6.49382,6.49382,6.49382,6.49382,6.49382,6.49382,6.49382,6.49382,6.49382,6.49382,6.49382,6.49382,6.49382,6.49382,6.49382,6.49382,6.49382,6.49382,6.49382,6.49382,6.49382,6.49382,6.49382,6.49382,6.49382,6.49382,6.49382,6.49382,6.49382,6.49382,6.49382,6.49382,6.49382,6.49382,6.49382,6.49382,6.49382
Upper Size(nm),245.824,245.824,245.824,245.824,245.824,245.824,245.824,245.824,245.824,245.824,245.824,245.824,245.824,245.824,245.824,245.824,245.824,245.824,245.824,245.824,245.824,245.824,245.824,245.824,245.824,245.824,245.824,245.824,245.824,245.824,245.824,245.824,245.824,245.824,245.824,245.824,245.824,245.824,245.824,245.824,245.824,245.824,245.824,245.824,245.824,245.824,245.824,245.824,245.824,245.824,245.824,245.824,245.824,245.824,245.824,245.824,245.824,245.824,245.824,245.824,245.824,245.824,245.824,245.824,245.824,245.824,245.824,245.824,245.824,245.824,245.824,245.824,245.824,245.824,245.824,245.824,245.824,245.824,245.824,245.824,245.824,245.824,245.824,245.824,245.824,245.824,245.824,245.824,245.824,245.824,245.824,245.824,245.824,245.824,245.824,245.824,245.824,245.824,245.824,245.824,245.824,245.824,245.824,245.824,245.824,245.824,245.824,245.824,245.824,245.824,245.824,245.824,245.824,245.824,245.824,245.824,245.824,245.824,245.824,245.824,245.824,245.824
Density(g/cc),1,1,1,1,1,1,1,1,1,1,1,1,1,1,1,1,1,1,1,1,1,1,1,1,1,1,1,1,1,1,1,1,1,1,1,1,1,1,1,1,1,1,1,1,1,1,1,1,1,1,1,1,1,1,1,1,1,1,1,1,1,1,1,1,1,1,1,1,1,1,1,1,1,1,1,1,1,1,1,1,1,1,1,1,1,1,1,1,1,1,1,1,1,1,1,1,1,1,1,1,1,1,1,1,1,1,1,1,1,1,1,1,1,1,1,1,1,1,1,1,1,1
Title,,,,,,,,,,,,,,,,,,,,,,,,,,,,,,,,,,,,,,,,,,,,,,,,,,,,,,,,,,,,,,,,,,,,,,,,,,,,,,,,,,,,,,,,,,,,,,,,,,,,,,,,,,,,,,,,,,,,,,,,,,
Status Flag,Inlet Flow Rate Error ,Inlet Flow Rate Error ,Inlet Flow Rate Error ,Inlet Flow Rate Error ,Inlet Flow Rate Error ,Inlet Flow Rate Error ,Inlet Flow Rate Error ,Inlet Flow Rate Error ,Inlet Flow Rate Error ,Inlet Flow Rate Error ,Inlet Flow Rate Error ,Inlet Flow Rate Error ,Inlet Flow Rate Error ,Inlet Flow Rate Error ,Inlet Flow Rate Error ,Inlet Flow Rate Error ,Inlet Flow Rate Error ,Inlet Flow Rate Error ,Inlet Flow Rate Error ,Inlet Flow Rate Error ,Inlet Flow Rate Error ,Inlet Flow Rate Error ,Inlet Flow Rate Error ,Inlet Flow Rate Error ,Inlet Flow Rate Error ,Inlet Flow Rate Error ,Inlet Flow Rate Error ,Inlet Flow Rate Error ,Inlet Flow Rate Error ,Inlet Flow Rate Error ,Inlet Flow Rate Error ,Inlet Flow Rate Error ,Inlet Flow Rate Error ,Inlet Flow Rate Error ,Inlet Flow Rate Error ,Inlet Flow Rate Error ,Inlet Flow Rate Error ,Inlet Flow Rate Error ,Inlet Flow Rate Error ,Inlet Flow Rate Error ,Inlet Flow Rate Error ,Inlet Flow Rate Error ,Inlet Flow Rate Error ,Inlet Flow Rate Error ,Inlet Flow Rate Error ,Inlet Flow Rate Error ,Inlet Flow Rate Error ,Inlet Flow Rate Error ,Inlet Flow Rate Error ,Inlet Flow Rate Error ,Inlet Flow Rate Error ,Inlet Flow Rate Error ,Inlet Flow Rate Error ,Inlet Flow Rate Error ,Inlet Flow Rate Error ,Inlet Flow Rate Error ,Inlet Flow Rate Error ,Inlet Flow Rate Error ,Inlet Flow Rate Error ,Inlet Flow Rate Error ,Inlet Flow Rate Error ,Inlet Flow Rate Error ,Inlet Flow Rate Error ,Inlet Flow Rate Error ,Inlet Flow Rate Error ,Inlet Flow Rate Error ,Inlet Flow Rate Error ,Inlet Flow Rate Error ,Inlet Flow Rate Error ,Inlet Flow Rate Error ,Inlet Flow Rate Error ,Inlet Flow Rate Error ,Inlet Flow Rate Error ,Inlet Flow Rate Error ,Inlet Flow Rate Error ,Inlet Flow Rate Error ,Inlet Flow Rate Error ,Inlet Flow Rate Error ,Inlet Flow Rate Error ,Inlet Flow Rate Error ,Inlet Flow Rate Error ,Inlet Flow Rate Error ,Inlet Flow Rate Error ,Inlet Flow Rate Error ,Inlet Flow Rate Error ,Inlet Flow Rate Error ,Inlet Flow Rate Error ,Inlet Flow Rate Error ,Inlet Flow Rate Error ,Inlet Flow Rate Error ,Inlet Flow Rate Error ,Inlet Flow Rate Error ,Inlet Flow Rate Error ,Inlet Flow Rate Error ,Inlet Flow Rate Error ,Inlet Flow Rate Error ,Inlet Flow Rate Error ,Inlet Flow Rate Error ,Inlet Flow Rate Error ,Inlet Flow Rate Error ,Inlet Flow Rate Error ,Inlet Flow Rate Error ,Inlet Flow Rate Error ,Inlet Flow Rate Error ,Inlet Flow Rate Error ,Inlet Flow Rate Error ,Inlet Flow Rate Error ,Inlet Flow Rate Error ,Inlet Flow Rate Error ,Inlet Flow Rate Error ,Inlet Flow Rate Error ,Inlet Flow Rate Error ,Inlet Flow Rate Error ,Inlet Flow Rate Error ,Inlet Flow Rate Error ,Inlet Flow Rate Error ,Inlet Flow Rate Error ,Inlet Flow Rate Error ,Inlet Flow Rate Error ,Inlet Flow Rate Error ,Inlet Flow Rate Error ,Inlet Flow Rate Error 
td(s),2.21462,2.21462,2.21462,2.21462,2.21462,2.21462,2.21462,2.21462,2.21462,2.21462,2.21462,2.21462,2.21462,2.21462,2.21462,2.21462,2.21462,2.21462,2.21462,2.21462,2.21462,2.21462,2.21462,2.21462,2.21462,2.21462,2.21462,2.21462,2.21462,2.21462,2.21462,2.21462,2.21462,2.21462,2.21462,2.21462,2.21462,2.21462,2.21462,2.21462,2.21462,2.21462,2.21462,2.21462,2.21462,2.21462,2.21462,2.21462,2.21462,2.21462,2.21462,2.21462,2.21462,2.21462,2.21462,2.21462,2.21462,2.21462,2.21462,2.21462,2.21462,2.21462,2.21462,2.21462,2.21462,2.21462,2.21462,2.21462,2.21462,2.21462,2.21462,2.21462,2.21462,2.21462,2.21462,2.21462,2.21462,2.21462,2.21462,2.21462,2.21462,2.21462,2.21462,2.21462,2.21462,2.21462,2.21462,2.21462,2.21462,2.21462,2.21462,2.21462,2.21462,2.21462,2.21462,2.21462,2.21462,2.21462,2.21462,2.21462,2.21462,2.21462,2.21462,2.21462,2.21462,2.21462,2.21462,2.21462,2.21462,2.21462,2.21462,2.21462,2.21462,2.21462,2.21462,2.21462,2.21462,2.21462,2.21462,2.21462,2.21462,2.21462
tf(s),1.73557,1.73557,1.73557,1.73557,1.73557,1.73557,1.73557,1.73557,1.73557,1.73557,1.73557,1.73557,1.73557,1.73557,1.73557,1.73557,1.73557,1.73557,1.73557,1.73557,1.73557,1.73557,1.73557,1.73557,1.73557,1.73557,1.73557,1.73557,1.73557,1.73557,1.73557,1.73557,1.73557,1.73557,1.73557,1.73557,1.73557,1.73557,1.73557,1.73557,1.73557,1.73557,1.73557,1.73557,1.73557,1.73557,1.73557,1.73557,1.73557,1.73557,1.73557,1.73557,1.73557,1.73557,1.73557,1.73557,1.73557,1.73557,1.73557,1.73557,1.73557,1.73557,1.73557,1.73557,1.73557,1.73557,1.73557,1.73557,1.73557,1.73557,1.73557,1.73557,1.73557,1.73557,1.73557,1.73557,1.73557,1.73557,1.73557,1.73557,1.73557,1.73557,1.73557,1.73557,1.73557,1.73557,1.73557,1.73557,1.73557,1.73557,1.73557,1.73557,1.73557,1.73557,1.73557,1.73557,1.73557,1.73557,1.73557,1.73557,1.73557,1.73557,1.73557,1.73557,1.73557,1.73557,1.73557,1.73557,1.73557,1.73557,1.73557,1.73557,1.73557,1.73557,1.73557,1.73557,1.73557,1.73557,1.73557,1.73557,1.73557,1.73557
D50(nm),1000,1000,1000,1000,1000,1000,1000,1000,1000,1000,1000,1000,1000,1000,1000,1000,1000,1000,1000,1000,1000,1000,1000,1000,1000,1000,1000,1000,1000,1000,1000,1000,1000,1000,1000,1000,1000,1000,1000,1000,1000,1000,1000,1000,1000,1000,1000,1000,1000,1000,1000,1000,1000,1000,1000,1000,1000,1000,1000,1000,1000,1000,1000,1000,1000,1000,1000,1000,1000,1000,1000,1000,1000,1000,1000,1000,1000,1000,1000,1000,1000,1000,1000,1000,1000,1000,1000,1000,1000,1000,1000,1000,1000,1000,1000,1000,1000,1000,1000,1000,1000,1000,1000,1000,1000,1000,1000,1000,1000,1000,1000,1000,1000,1000,1000,1000,1000,1000,1000,1000,1000,1000
Median(nm),122.689,115.225,106.016,112.581,120.774,109.368,110.092,115.403,120.56,113.058,116.491,140.929,115.897,106.085,114.339,138.822,126.325,120.737,114.376,129.036,108.249,110.872,10.5933,89.765,90.7155,86.9797,89.8457,101.262,58.6979,48.342,41.466,44.4311,43.8615,44.2606,44.9125,43.2404,45.4766,42.1709,42.7571,45.6666,44.2931,44.4127,42.1005,44.405,44.4094,45.8199,42.6408,44.2305,42.5615,44.6791,44.9124,43.9874,43.9658,45.2258,44.9319,46.1187,44.9703,45.5994,44.375,47.6231,43.2628,45.759,43.7243,43.7562,42.9201,54.6374,33.2658,98.6133,35.7375,71.0392,171.627,91.9255,151.606,231.274,161.187,160.472,154.761,157.957,156.914,156.927,156.064,158.929,171.148,188.38,200.585,202.206,198.325,194.561,190.193,187.778,181.038,10.9588,9.06753,133.884,160.578,159.781,110.797,110.854,110.777,110.745,110.554,106.868,79.8248,68.5227,66.707,75.0368,74.9356,80.1454,74.7341,72.7795,72.7761,65.6138,68.3772,66.5296,69.614,104.229,118.482,108.297,92.226,85.2939,208.69,209.618
Mean(nm),119.466,113.178,102.968,112.479,122.639,108.486,115.861,118.352,122.517,111.49,116.513,139.704,122.464,116.057,120.422,140.095,128.702,122.686,127.959,129.408,107.239,112.812,52.6132,103.551,99.3325,95.3317,96.38,111.86,83.3751,60.6555,49.0093,49.0092,47.8914,46.3336,46.753,48.0483,49.0211,49.2212,46.7183,48.0459,48.137,47.0582,45.722,46.6844,46.8511,50.5226,45.426,47.2297,45.9887,45.6379,49.2284,46.4795,46.2771,48.0597,47.8812,50.115,47.9864,48.6772,45.9089,52.0469,45.8356,48.6187,45.4005,47.9491,48.464,76.6053,35.4084,111.91,52.1423,80.0387,143.841,103.472,171.349,186.584,162.184,160.929,132.357,158.593,157.356,157.616,156.526,162.567,172.204,187.881,198.593,199.631,196.761,193.495,189.736,187.641,172.479,19.6494,17.6943,90.4847,157.863,156.987,107.952,111.607,111.607,111.641,111.449,94.1205,94.225,83.6214,81.5187,85.6303,85.3682,97.8148,88.8801,79.747,87.6514,79.0032,87.7505,86.7381,84.2109,98.9548,117.588,105.593,97.7566,101.806,195.813,199.613
Geo. Mean(nm),100.671,94.5761,77.1544,93.2459,102.042,84.7538,94.6705,99.7863,108.99,88.7852,96.073,124.764,107.962,100.615,104.068,129.245,114.815,102.387,115.793,112.467,86.4661,91.568,25.1344,81.9264,77.9317,76.3193,78.7307,95.7034,63.8865,51.9954,43.8117,45.1805,43.3267,43.4738,42.2939,44.4465,45.538,44.6981,43.3121,45.7134,45.6322,42.1536,42.8879,42.7051,45.1369,46.9375,42.4158,42.0681,43.2726,42.5466,45.2914,43.615,43.4668,45.7145,43.3557,45.7801,45.4314,45.655,42.7512,47.6581,43.1135,46.2861,42.9721,44.3716,44.5285,63.6072,33.4417,94.1303,42.3588,68.0133,131.816,77.243,163,173.991,161.823,159.587,111.711,157.586,155.863,156.802,155.482,160.899,169.962,186.34,195.825,196.552,195.051,192.243,188.691,186.638,154.517,13.6852,11.6781,42.7034,156.292,155.109,100.259,110.524,110.868,110.936,110.828,78.5882,79.2375,69.508,69.0086,73.9695,68.8774,82.0847,70.4993,68.9476,72.3306,66.6939,72.7925,74.3181,71.399,74.599,111.311,92.6224,85.2993,87.1173,191.558,197.361
Mode(nm),187.688,130.975,25.0287,145.902,121.881,135.773,117.574,174.658,101.815,181.056,181.056,194.564,162.531,156.788,181.056,140.746,162.531,140.746,174.658,194.564,130.975,140.746,8.2047,34.5989,35.8664,140.746,91.3982,162.531,42.9351,51.397,38.5423,44.5079,55.2316,47.8286,47.8286,41.4178,53.2798,55.2316,38.5423,46.1384,41.4178,53.2798,41.4178,44.5079,39.9542,42.9351,37.1803,44.5079,37.1803,57.2549,35.8664,42.9351,32.1968,49.5807,44.5079,53.2798,46.1384,46.1384,44.5079,51.397,47.8286,39.9542,44.5079,39.9542,42.9351,41.4178,35.8664,85.0526,27.8813,71.0497,68.539,29.9614,241.442,232.91,156.788,162.531,156.788,156.788,156.788,156.788,156.788,156.788,168.485,187.688,201.691,201.691,201.691,194.564,187.688,187.688,181.056,6.61169,6.61169,8.50526,162.531,162.531,109.411,109.411,109.411,109.411,109.411,109.411,71.0497,47.8286,66.1169,82.047,79.1476,42.9351,121.881,101.815,76.3506,37.1803,57.2549,63.7804,57.2549,109.411,126.346,135.773,145.902,82.047,224.679,216.739
Geo. Std. Dev.,1.91334,1.94615,2.46443,1.97773,2.04304,2.26678,2.05354,1.90768,1.70158,2.14373,1.95907,1.68358,1.68545,1.7373,1.80133,1.52557,1.6649,2.00156,1.60419,1.77781,2.02294,2.00467,3.33825,2.05324,2.1088,2.00304,1.93443,1.79703,2.17056,1.64701,1.51391,1.43852,1.55499,1.37872,1.63818,1.40571,1.406,1.45982,1.42138,1.34344,1.35726,1.58516,1.39811,1.54771,1.3132,1.41238,1.41326,1.64098,1.38644,1.4748,1.44528,1.39643,1.39162,1.34505,1.57607,1.44864,1.34401,1.38876,1.46101,1.45356,1.38225,1.33883,1.36382,1.44235,1.42284,1.7828,1.36571,1.84482,1.74166,1.78661,1.53748,2.20367,1.37012,1.47786,1.06892,1.19045,2.09877,1.13599,1.2052,1.12891,1.15496,1.18593,1.2375,1.17036,1.26428,1.2757,1.184,1.14687,1.13624,1.13456,1.96087,2.04184,2.02091,4.23199,1.18611,1.21597,1.69657,1.19434,1.15091,1.14818,1.13535,2.07715,1.92575,1.89651,1.79941,1.73422,2.01478,1.84001,2.13138,1.72219,1.92391,1.78313,1.87338,1.73364,1.78746,2.67808,1.42497,1.74117,1.73115,1.79779,1.27204,1.16822
Total Concentration(#/cm),148.974,156.962,153.911,144.782,130.508,164.303,142.55,124.669,153.334,138.758,92.6175,532.73,3745.35,2822.36,1109.03,293.76,1750.57,176.279,45.8697,587.794,304.557,258.776,553.753,257.809,244.276,242.173,192.064,134.804,178.76,130.776,137.443,139.91,139.468,137.036,169.239,150.169,165.776,117.122,133.682,130.754,139.916,153.05,165.626,170.407,158.798,168.92,152.239,145.58,148.47,156.148,167.571,169.063,161.29,146.527,153.118,139.169,143.389,133.4,146.989,163.383,133.485,153.305,145.788,138.774,148.26,116.092,272.358,62.4303,50.7816,74.0174,6.06169,3.55807,2.25464,3.84709,5280.12,5350.49,311.757,2946.24,5153.74,5460.53,5467.63,4737.88,4541.38,5670.07,7241.38,7449.9,6745.28,8005.93,9514.31,8711.46,8178.09,601713,15097.3,31365.5,18112.3,18667.8,13663.4,12932,12842.7,12971.8,12454,386.229,173.049,149.475,155.679,137.279,127.511,128.175,144.909,128.745,123.986,140.219,113.724,129.278,156.905,1745.11,547.811,246.885,181.816,183.448,905.724,19289.6
Comment,,,,,,,,,,,,,,,,,,,,,,,,,,,,,,,,,,,,,,,,,,,,,,,,,,,,,,,,,,,,,,,,,,,,,,,,,,,,,,,,,,,,,,,,,,,,,,,,,,,,,,,,,,,,,,,,,,,,,,,,,,
